0
0.274854
0.251227
0.24443
0.256524
0.251495
0.260406
0.263972
0.269404
0.277009
0.284505
0.289102
0.292262
0.288503
0.290929
0.283938
0.281927
0.281314
0.279775
0.269308
0.267575
0.265741
0.262858
0.261258
0.260322
0.259982
0.259227
0.260385
0.259337
0.25855
0.257775
0.257042
0.256285
0.255958
0.256017
0.254664
0.254331
0.253224
0.253848
0.254575
0.254846
0.254851
0.254757
0.255129
0.254494
0.253811
0.254194
0.253668
0.253077
0.253172
0.252949
0.253585
0.25338
0.253629
0.253797
0.25452
0.254965
0.255178
0.254775
0.255101
0.255429
0.255623
0.255818
0.255916
0.255776
0.256011
0.255985
0.256618
0.257482
0.257744
0.258232
0.259296
0.259792
0.260165
0.26087
0.2613
0.261659
0.261901
0.261705
0.26236
0.262653
0.262263
0.261983
0.262207
0.262967
0.262616
0.263512
0.263869
0.2638
0.264571
0.264787
0.26552
0.265851
0.266422
0.266459
0.266671
0.26736
0.267515
0.268104
0.268906
0.269335
0.269254
0.269298
0.269787
0.270701
0.270844
0.271087
0.271571
0.27162
0.271895
0.271904
0.272087
0.271897
0.272148
0.272304
0.272745
0.272862
0.273214
0.273434
0.27365
0.274061
0.274233
0.274532
0.274581
0.274952
0.275243
0.275733
0.276324
0.276458
0.277294
0.277366
0.277664
0.278006
0.278691
0.279052
0.279454
0.279865
0.280359
0.280366
0.281112
0.281597
0.281874
0.282334
0.28182
0.282441
0.282552
0.282968
0.283221
0.283871
0.284275
0.284418
0.284814
0.285174
0.28524
0.285504
0.285578
0.285996
0.286379
0.286661
0.286958
0.28723
0.287312
0.287469
0.287779
0.287995
0.288476
0.289281
0.28948
0.289634
0.289823
0.290154
0.29019
0.290548
0.290915
0.29095
0.291327
0.291697
0.291895
0.292227
0.292436
0.292508
0.292713
0.293166
0.293373
0.293626
0.293788
0.294125
0.294329
0.294809
0.295151
0.295669
0.295944
0.296277
0.296504
0.296525
0.296768
0.297119
0.297344
0.297647
0.297824
0.29794
0.298241
0.298475
0.298861
0.29898
0.29921
0.299321
0.299513
0.299643
0.299878
0.300209
0.300256
0.300602
0.301006
0.301157
0.301528
0.301821
0.302228
0.302336
0.302543
0.302785
0.302906
0.30312
0.302398
0.301199
0.300177
0.300413
0.300343
0.300654
0.300954
0.301084
0.30124
0.301383
0.301646
0.301925
0.302032
0.302259
0.302263
0.302488
0.302727
0.30288
0.303011
0.303106
0.303158
0.303324
0.303458
0.303597
0.30376
0.303726
0.30368
0.303726
0.303745
0.303897
0.303891
0.303917
0.303937
0.304009
0.304301
0.30426
0.304365
0.304581
0.304655
0.304826
0.304966
0.305051
0.304601
0.30475
0.304539
0.30459
0.304646
0.304831
0.304927
0.305139
0.305203
0.305319
0.305573
0.305655
0.305708
0.305716
0.30586
0.305945
0.305957
0.306138
0.306331
0.306313
0.306262
0.306168
0.306258
0.306334
0.306429
0.306362
0.306591
0.306573
0.306686
0.306765
0.306939
0.307081
0.307062
0.307224
0.30731
0.307405
0.307498
0.307728
0.30789
0.308004
0.308177
0.308237
0.308396
0.308434
0.308516
0.30872
0.3088
0.308737
0.308967
0.30915
0.309349
0.309518
0.309676
0.309878
0.310029
0.310191
0.310332
0.310366
0.310446
0.310465
0.310523
0.310642
0.310491
0.310432
0.310404
0.310526
0.310545
0.310804
0.310855
0.311056
0.311213
0.311483
0.311604
0.311687
0.311668
0.311829
0.31184
0.311605
0.311706
0.311783
0.311817
0.311991
0.312073
0.31225
0.312373
0.311661
0.311504
0.311632
0.311777
0.311777
0.311815
0.311787
0.311798
0.311831
0.311898
0.312002
0.31206
0.312041
0.31203
0.312136
0.312239
0.312221
0.312055
0.312051
0.312234
0.312359
0.312406
0.312439
0.312568
0.312684
0.312577
0.31277
0.312883
0.313015
0.313118
0.313162
0.313285
0.313368
0.313471
0.313559
0.313553
0.313705
0.313857
0.313803
0.313962
0.314079
0.314237
0.314275
0.314276
0.314328
0.314344
0.314367
0.314508
0.314676
0.314742
0.3148
0.314748
0.314849
0.314788
0.314801
0.314846
0.314849
0.314873
0.314983
0.314942
0.315083
0.315159
0.315218
0.315301
0.315451
0.315465
0.315501
0.315452
0.315527
0.315583
0.315748
0.315757
0.315844
0.315951
0.31593
0.316007
0.316081
0.316089
0.316
0.316096
0.316162
0.316218
0.316314
0.316067
0.316126
0.315777
0.315846
0.315801
0.315954
0.316082
0.315818
0.315849
0.315661
0.315693
0.315585
0.315639
0.315602
0.315637
0.315635
0.315687
0.31575
0.315778
0.31576
0.315699
0.315686
0.315764
0.315696
0.31569
0.315727
0.315819
0.315734
0.315818
0.31561
0.31563
0.315584
0.315704
0.31576
0.315811
0.315859
0.31581
0.315793
0.315885
0.31587
0.315876
0.3158
0.315865
0.315871
0.315908
0.31598
0.315962
0.316091
0.316044
0.316113
0.31608
0.316151
0.316116
0.316176
0.316139
0.316293
0.316338
0.316385
0.316381
0.316388
0.316507
0.316526
0.316557
0.316558
0.316662
0.316667
0.316647
0.316631
0.316683
0.316703
0.316676
0.316772
0.316878
0.316902
0.316921
0.316886
0.316941
0.317021
0.317075
0.317005
0.317104
0.317171
0.317242
0.31737
0.317406
0.317399
0.317524
0.317491
0.317559
0.317567
0.317667
0.317754
0.317829
0.317889
0.317983
0.318069
0.318132
0.318125
0.318121
0.318214
0.318326
0.318392
0.318246
0.318242
0.318117
0.318165
0.31824
0.31827
0.318219
0.318286
0.318336
0.318319
0.318284
0.318326
0.318324
0.318349
0.318394
0.31843
0.318501
0.318513
0.318572
0.318478
0.318431
0.318408
0.318406
0.318503
0.318543
0.318587
0.318688
0.318733
0.318767
0.318793
0.318849
0.318911
0.318925
0.318936
0.31895
0.319003
0.319041
0.319087
0.319097
0.319153
0.31921
0.319281
0.319328
0.319426
0.319466
0.319559
0.319522
0.319499
0.319604
0.31962
0.319616
0.319708
0.319595
0.319577
0.319573
0.319668
0.319696
0.319715
0.319783
0.319829
0.319811
0.319881
0.319898
0.319879
0.319899
0.319958
0.32007
0.320125
0.320157
0.320142
0.320089
0.320123
0.320191
0.320148
0.320191
0.320275
0.32034
0.32035
0.320419
0.320435
0.320443
0.320379
0.320412
0.320533
0.320566
0.320572
0.320619
0.320641
0.320724
0.320677
0.320733
0.320807
0.320816
0.320898
0.320991
0.321002
0.321134
0.321229
0.321196
0.321236
0.321175
0.321238
0.321302
0.321324
0.321341
0.321341
0.321445
0.321486
0.321563
0.321585
0.321613
0.321765
0.321799
0.321797
0.321285
0.32077
0.320746
0.320793
0.320643
0.320443
0.320441
0.320436
0.320341
0.320447
0.320405
0.320449
0.320485
0.320467
0.320497
0.320507
0.320495
0.320453
0.320331
0.32025
0.320272
0.320236
0.320237
0.320246
0.320212
0.320252
0.320295
0.320354
0.32037
0.320369
0.320398
0.320455
0.320504
0.320507
0.320476
0.320427
0.320247
0.320261
0.320296
0.32024
0.320263
0.32023
0.320199
0.320248
0.320207
0.320165
0.320157
0.320166
0.320253
0.32026
0.32022
0.320286
0.320299
0.320292
0.320303
0.320309
0.32033
0.320367
0.320433
0.320412
0.320456
0.320522
0.320537
0.320512
0.320542
0.320564
0.320597
0.320599
0.32059
0.320576
0.320577
0.320576
0.320578
0.320544
0.320621
0.320586
0.32058
0.320499
0.320558
0.320511
0.320525
0.32061
0.320617
0.320511
0.320449
0.32045
0.320424
0.320442
0.320492
0.320513
0.320523
0.320487
0.320462
0.320459
0.320474
0.320462
0.320473
0.320513
0.320491
0.320486
0.320468
0.32043
0.320448
0.320442
0.320505
0.320588
0.32062
0.320598
0.320633
0.320728
0.320746
0.320707
0.320777
0.320759
0.320804
0.320774
0.320823
0.320916
0.320871
0.320896
0.320968
0.320962
0.320996
0.321066
0.32109
0.321111
0.321156
0.321194
0.321269
0.321277
0.321284
0.321339
0.321347
0.321286
0.32127
0.321265
0.321273
0.321312
0.321304
0.321374
0.321371
0.321396
0.321404
0.321379
0.321429
0.321464
0.321485
0.321549
0.321566
0.321631
0.321639
0.321621
0.321625
0.321661
0.32168
0.321704
0.321739
0.321754
0.321807
0.321845
0.321825
0.321849
0.32195
0.321924
0.321939
0.321915
0.321953
0.321987
0.321993
0.322037
0.322091
0.322118
0.322177
0.322215
0.322174
0.322005
0.321995
0.321996
0.321976
0.322013
0.322047
0.3221
0.322122
0.322114
0.322117
0.322177
0.32223
0.322224
0.322228
0.322222
0.322206
0.322247
0.322289
0.322345
0.322359
0.322384
0.322391
0.322393
0.32242
0.322389
0.322401
0.322436
0.322475
0.32248
0.322458
0.322516
0.322525
0.322557
0.322577
0.32259
0.322597
0.32267
0.322736
0.322734
0.322777
0.322783
0.322808
0.322844
0.322854
0.322882
0.322818
0.322834
0.322885
0.322936
0.322895
0.322969
0.323009
0.323073
0.323133
0.323153
0.323203
0.32318
0.323164
0.323182
0.323199
0.323279
0.323277
0.323272
0.323279
0.323249
0.323246
0.323274
0.323308
0.323297
0.323325
0.323376
0.323349
0.323345
0.323356
0.323385
0.32342
0.323433
0.32346
0.323495
0.32353
0.323519
0.323514
0.323496
0.323486
0.323547
0.32361
0.32346
0.323507
0.323527
0.323517
0.323487
0.323491
0.323531
0.323525
0.323505
0.323489
0.323561
0.323531
0.323537
0.32357
0.323594
0.323624
0.323638
0.323696
0.323764
0.323771
0.323631
0.323721
0.323732
0.323722
0.323737
0.323749
0.323796
0.32384
0.323875
0.323871
0.323836
0.323826
0.323862
0.32393
0.323996
0.324035
0.324066
0.324099
0.324165
0.324167
0.324226
0.324258
0.324293
0.324292
0.32431
0.324348
0.324367
0.324405
0.324452
0.324455
0.324514
0.324548
0.324592
0.324655
0.324688
0.324719
0.324764
0.324785
0.32483
0.324853
0.324857
0.324881
0.324938
0.324976
0.324982
0.325005
0.325033
0.325017
0.325004
0.324995
0.325015
0.325025
0.32506
0.325081
0.32509
0.325152
0.325196
0.325223
0.325222
0.325226
0.325178
0.325192
0.325169
0.325177
0.325148
0.325157
0.325171
0.325183
0.325218
0.32522
0.325204
