0
0.443532
0.334353
0.314111
0.320975
0.324368
0.335669
0.343207
0.351473
0.361283
0.369069
0.372219
0.375572
0.371795
0.374448
0.367322
0.365777
0.364551
0.362067
0.349764
0.3469
0.343553
0.340947
0.339341
0.338485
0.337657
0.336654
0.336421
0.336092
0.335664
0.334692
0.331491
0.329721
0.330126
0.329545
0.329692
0.330503
0.330545
0.330792
0.330959
0.330902
0.330694
0.330431
0.331093
0.330349
0.330902
0.331479
0.331267
0.331325
0.33162
0.332158
0.332391
0.332372
0.33244
0.333029
0.332769
0.33317
0.333494
0.333713
0.333878
0.333609
0.333922
0.333631
0.33326
0.333666
0.333376
0.3336
0.334026
0.334795
0.335394
0.334979
0.335614
0.336011
0.336744
0.337456
0.337552
0.337646
0.338022
0.338065
0.338459
0.338659
0.338051
0.338432
0.338534
0.338945
0.339032
0.339871
0.340596
0.340032
0.340085
0.340496
0.340865
0.34122
0.341708
0.341802
0.341977
0.34227
0.342575
0.342522
0.342726
0.343209
0.342812
0.343235
0.343892
0.344191
0.34461
0.345175
0.345757
0.345929
0.346344
0.346633
0.346681
0.347181
0.347746
0.348066
0.348731
0.348458
0.348697
0.348564
0.348772
0.34876
0.349777
0.350349
0.350688
0.351274
0.351699
0.352248
0.352712
0.353204
0.353474
0.354114
0.354244
0.354779
0.355113
0.355716
0.356318
0.356507
0.356986
0.357334
0.357769
0.358263
0.358537
0.358684
0.357927
0.358376
0.358404
0.35882
0.359098
0.359572
0.360086
0.360472
0.360812
0.360879
0.361157
0.361729
0.362034
0.362091
0.362215
0.362921
0.363025
0.363275
0.363569
0.363658
0.364273
0.364547
0.36495
0.3654
0.36554
0.365862
0.36636
0.366537
0.366757
0.367067
0.367403
0.367564
0.367979
0.368227
0.36838
0.368753
0.368817
0.36936
0.369638
0.370065
0.37041
0.37072
0.370939
0.371358
0.371436
0.371726
0.372164
0.372673
0.372993
0.373348
0.373575
0.373823
0.374006
0.374209
0.374469
0.374801
0.375061
0.375343
0.375614
0.37602
0.376569
0.376799
0.377186
0.37749
0.377769
0.377952
0.378207
0.378521
0.378879
0.379277
0.37935
0.379653
0.380032
0.379943
0.380416
0.380352
0.380512
0.380696
0.380903
0.381097
0.380453
0.379135
0.378025
0.378078
0.378293
0.378369
0.378362
0.378472
0.378609
0.378783
0.378625
0.378835
0.378897
0.378895
0.379091
0.379473
0.379672
0.379729
0.3799
0.380131
0.380229
0.380331
0.380398
0.380504
0.380636
0.380898
0.381128
0.381104
0.3813
0.381681
0.381881
0.381965
0.381904
0.382149
0.382301
0.38226
0.382454
0.382614
0.382794
0.383056
0.383398
0.383492
0.382884
0.382804
0.382594
0.3826
0.382647
0.382847
0.382832
0.382934
0.38303
0.383076
0.383288
0.38342
0.383621
0.383907
0.383942
0.384025
0.384122
0.384341
0.38453
0.384663
0.384696
0.384796
0.384795
0.38496
0.384982
0.385024
0.385124
0.385148
0.385385
0.385399
0.38541
0.385578
0.385802
0.386061
0.386147
0.386506
0.386402
0.386572
0.386585
0.386678
0.386803
0.386869
0.38712
0.387126
0.387285
0.387412
0.387456
0.387629
0.387764
0.387722
0.387866
0.388008
0.3881
0.388021
0.388156
0.388143
0.388221
0.388202
0.388308
0.388335
0.38855
0.388646
0.388548
0.388697
0.388823
0.389089
0.389257
0.389381
0.389418
0.389559
0.389629
0.389895
0.390021
0.390004
0.390179
0.390223
0.390124
0.389986
0.39001
0.390156
0.390231
0.390403
0.390597
0.390729
0.390917
0.390061
0.389779
0.389993
0.39003
0.39008
0.390108
0.390157
0.390197
0.39034
0.39046
0.390517
0.390538
0.390481
0.390534
0.390599
0.390661
0.390741
0.390784
0.390943
0.391031
0.391267
0.391289
0.391427
0.391554
0.391658
0.39155
0.391644
0.391762
0.391847
0.391977
0.392064
0.392168
0.392078
0.39215
0.392331
0.392496
0.39259
0.392581
0.3925
0.392635
0.392848
0.392909
0.392988
0.392999
0.393106
0.393107
0.393146
0.393167
0.393285
0.393332
0.393366
0.393476
0.393514
0.393364
0.39352
0.393596
0.393715
0.393973
0.394066
0.3941
0.394189
0.394191
0.394269
0.394332
0.394351
0.39434
0.394397
0.394509
0.394635
0.394646
0.394692
0.39464
0.394705
0.394727
0.394846
0.3949
0.39495
0.395
0.394865
0.394906
0.395019
0.395122
0.395236
0.395017
0.395059
0.39465
0.394669
0.394738
0.394783
0.394791
0.394588
0.394629
0.394365
0.3944
0.394422
0.394409
0.394332
0.39429
0.39439
0.394455
0.394387
0.394435
0.394456
0.394514
0.394534
0.394575
0.394613
0.394635
0.394668
0.394765
0.394685
0.394782
0.394567
0.394498
0.394493
0.394554
0.394538
0.394614
0.394569
0.394577
0.394723
0.394804
0.394849
0.394796
0.394756
0.394877
0.394896
0.394933
0.394887
0.394925
0.395041
0.39513
0.395141
0.395288
0.395292
0.395274
0.395438
0.395385
0.395439
0.395439
0.395488
0.395483
0.395525
0.395597
0.395722
0.3957
0.395711
0.39584
0.395893
0.395898
0.395936
0.396053
0.396086
0.396056
0.396111
0.396112
0.396201
0.396239
0.396271
0.39631
0.396288
0.396312
0.396084
0.396162
0.396233
0.39626
0.39636
0.396455
0.396423
0.39643
0.396495
0.396545
0.396567
0.39664
0.396686
0.396752
0.396862
0.397065
0.397216
0.397296
0.39739
0.397395
0.39745
0.397497
0.397525
0.397358
0.397379
0.397282
0.397305
0.397339
0.397455
0.397449
0.397514
0.397462
0.397541
0.397556
0.397679
0.397655
0.397694
0.397672
0.397746
0.397816
0.397847
0.397899
0.397816
0.397796
0.397837
0.397832
0.397853
0.397932
0.397869
0.397937
0.397984
0.397999
0.398059
0.398111
0.398124
0.398242
0.398296
0.398265
0.398301
0.398332
0.398397
0.398398
0.398506
0.398526
0.398611
0.398731
0.398742
0.39884
0.399027
0.399102
0.399028
0.399057
0.399058
0.39916
0.399249
0.39925
0.39922
0.399333
0.399299
0.399309
0.399418
0.399408
0.399432
0.39943
0.399424
0.399436
0.39947
0.399626
0.399686
0.399718
0.399789
0.399759
0.399834
0.399862
0.399941
0.399925
0.39995
0.399952
0.400031
0.400098
0.400109
0.400188
0.400258
0.400318
0.400357
0.400396
0.400469
0.400576
0.40058
0.400578
0.400647
0.400668
0.40073
0.400793
0.400861
0.400927
0.400883
0.40096
0.401003
0.400996
0.40098
0.400997
0.400998
0.400977
0.401007
0.401109
0.401132
0.401203
0.401124
0.401116
0.401117
0.401189
0.401197
0.4012
0.401247
0.401267
0.401272
0.400734
0.400134
0.400131
0.400166
0.400014
0.399833
0.399916
0.399966
0.399876
0.399969
0.39991
0.399932
0.39987
0.399934
0.399893
0.399902
0.399922
0.399968
0.399879
0.3998
0.399777
0.399802
0.399878
0.399814
0.399799
0.399833
0.399856
0.399936
0.399983
0.399974
0.400011
0.40001
0.400019
0.400073
0.400075
0.400095
0.399877
0.399984
0.400021
0.400048
0.40001
0.40001
0.400069
0.400071
0.400074
0.400134
0.400147
0.400174
0.400218
0.4002
0.400211
0.40027
0.400304
0.400342
0.400252
0.40025
0.40026
0.400275
0.400271
0.400303
0.400313
0.400316
0.400346
0.400363
0.40038
0.400384
0.400446
0.400417
0.400437
0.400444
0.400432
0.40047
0.400511
0.400525
0.400573
0.400608
0.400719
0.400718
0.400702
0.400703
0.400699
0.400732
0.400752
0.400671
0.400552
0.400549
0.400583
0.400621
0.400655
0.40062
0.400646
0.400606
0.40066
0.400644
0.400653
0.400679
0.400771
0.400806
0.400829
0.400813
0.400847
0.400846
0.400875
0.400895
0.400958
0.400971
0.400978
0.401022
0.401025
0.400968
0.400985
0.401016
0.401043
0.401074
0.401138
0.401136
0.401158
0.401189
0.401184
0.401186
0.401257
0.401246
0.40122
0.401228
0.401247
0.401332
0.401319
0.401294
0.401299
0.401298
0.401241
0.401257
0.401239
0.401246
0.401253
0.401289
0.401312
0.401383
0.401424
0.401537
0.401508
0.401529
0.401624
0.401667
0.401709
0.401696
0.401759
0.401679
0.401714
0.401737
0.40174
0.401728
0.401781
0.401808
0.40186
0.40187
0.401871
0.401876
0.401914
0.401897
0.401938
0.401948
0.401966
0.401972
0.401996
0.402042
0.402062
0.402092
0.402063
0.402095
0.402119
0.402162
0.402222
0.402225
0.40219
0.402061
0.402143
0.40213
0.402134
0.402089
0.402114
0.402123
0.402126
0.402112
0.402167
0.402191
0.402178
0.402202
0.402222
0.402226
0.402278
0.402357
0.402362
0.40247
0.402505
0.402543
0.402575
0.402589
0.40263
0.402634
0.402654
0.402702
0.402733
0.402748
0.402798
0.402865
0.402895
0.402977
0.403046
0.403096
0.403087
0.403163
0.403183
0.403214
0.403258
0.403261
0.403307
0.40325
0.403297
0.403318
0.403244
0.403265
0.403254
0.403305
0.403234
0.403247
0.403233
0.403175
0.403197
0.403293
0.403317
0.403372
0.403418
0.403462
0.40345
0.403511
0.403532
0.403561
0.403587
0.403622
0.403666
0.403685
0.40371
0.403762
0.403778
0.403813
0.403853
0.403846
0.403857
0.403872
0.40391
0.403969
0.403929
0.403999
0.404027
0.404021
0.404053
0.404066
0.404103
0.404111
0.404134
0.403964
0.403989
0.404036
0.404062
0.404072
0.404128
0.404193
0.404199
0.404251
0.404269
0.404341
0.404408
0.40444
0.404445
0.404468
0.40442
0.404436
0.404421
0.404457
0.404523
0.404421
0.404429
0.404481
0.404441
0.404501
0.404465
0.404457
0.404501
0.404515
0.404524
0.40448
0.4045
0.404523
0.404578
0.404616
0.404648
0.404718
0.404772
0.404785
0.404808
0.404843
0.404878
0.404883
0.404904
0.404978
0.404994
0.405029
0.405051
0.405107
0.405131
0.405115
0.405152
0.405151
0.405206
0.405262
0.405306
0.405365
0.405381
0.40542
0.405448
0.40547
0.405495
0.405537
0.405599
0.405615
0.405631
0.405684
0.405675
0.405722
0.405692
0.405705
0.405675
0.405718
0.405747
0.405803
0.405823
0.405831
0.405863
0.405915
0.405899
0.405954
0.40602
0.406021
0.406082
0.406153
0.406227
0.406164
0.406177
0.40623
0.40629
0.406336
