0.840237
0.829457
0.827173
0.821321
0.819436
0.822964
0.823504
0.827417
0.829431
0.829903
0.817077
0.805089
0.796033
0.787432
0.776724
0.767486
0.763721
0.75755
0.754383
0.751397
0.741188
0.736041
0.728052
0.720217
0.713316
0.707805
0.701007
0.696735
0.692636
0.685981
0.678203
0.670124
0.663743
0.657153
0.652485
0.648182
0.644115
0.63981
0.635408
0.631265
0.624807
0.619766
0.61458
0.608767
0.604796
0.600289
0.596379
0.592711
0.587391
0.58442
0.57953
0.57526
0.56965
0.565431
0.56161
0.557623
0.554058
0.550392
0.54687
0.543271
0.540143
0.53714
0.534102
0.532006
0.528804
0.526236
0.523326
0.519864
0.517748
0.515098
0.512119
0.509523
0.507916
0.505788
0.503641
0.501609
0.499843
0.497371
0.495554
0.493426
0.49254
0.491307
0.490198
0.488264
0.486914
0.485535
0.484119
0.483494
0.482756
0.482023
0.480792
0.480744
0.480506
0.480649
0.480441
0.480909
0.480526
0.480727
0.4812
0.481398
0.481406
0.480779
0.480398
0.480192
0.480376
0.479499
0.47852
0.47825
0.478092
0.478348
0.478443
0.478541
0.478187
0.478104
0.478003
0.477946
0.478163
0.477923
0.477897
0.478104
0.478466
0.478781
0.478937
0.47906
0.478954
0.478744
0.478866
0.478408
0.478433
0.478814
0.478876
0.479152
0.477759
0.477785
0.477588
0.47764
0.477119
0.477166
0.477256
0.477203
0.47698
0.47707
0.477097
0.477076
0.477021
0.477058
0.476955
0.477148
0.476954
0.477195
0.477376
0.477464
0.477541
0.477617
0.477744
0.477832
0.478107
0.478045
0.478393
0.47833
0.47855
0.478601
0.478756
0.4785
0.478817
0.478727
0.478829
0.478804
0.479129
0.479376
0.479435
0.47978
0.480092
0.480557
0.480564
0.480941
0.481213
0.481413
0.481393
0.481634
0.481894
0.481832
0.481833
0.481507
0.481557
0.482099
0.48229
0.482188
0.482341
0.482452
0.482605
0.482853
0.483058
0.4831
0.483091
0.4832
0.482992
0.482918
0.483034
0.483028
0.483003
0.482972
0.48288
0.482823
0.483025
0.482864
0.48325
0.483098
0.483233
0.483279
0.483127
0.483227
0.481725
0.479389
0.477671
0.477887
0.477991
0.478141
0.478235
0.478596
0.478778
0.478975
0.478935
0.478887
0.479079
0.479273
0.479373
0.479415
0.479599
0.479901
0.479944
0.48004
0.480191
0.480382
0.480337
0.480482
0.48068
0.480746
0.480825
0.480748
0.480773
0.480922
0.480893
0.481013
0.481312
0.481392
0.481641
0.481552
0.48146
0.481587
0.48166
0.481796
0.481861
0.481994
0.481217
0.481111
0.480814
0.480928
0.480857
0.48089
0.480763
0.481014
0.4814
0.481426
0.481361
0.481179
0.481228
0.481351
0.481484
0.481471
0.481477
0.48138
0.481557
0.481545
0.481556
0.481702
0.481693
0.481597
0.481576
0.481686
0.481747
0.481683
0.48163
0.48172
0.481687
0.481793
0.481893
0.481767
0.481769
0.481629
0.481528
0.481587
0.481574
0.481752
0.481918
0.481988
0.482089
0.482026
0.482074
0.482154
0.482109
0.482205
0.482065
0.482099
0.48205
0.481997
0.481855
0.481624
0.481777
0.481709
0.481759
0.481856
0.481892
0.48196
0.481955
0.481876
0.481838
0.481893
0.481979
0.481893
0.481849
0.481986
0.48201
0.482096
0.48208
0.482044
0.482052
0.48188
0.481915
0.48175
0.481541
0.48105
0.481011
0.48093
0.480897
0.481124
0.481115
0.481157
0.481302
0.480111
0.479641
0.479545
0.479353
0.479197
0.479089
0.478942
0.478581
0.478307
0.478027
0.477796
0.477708
0.477488
0.477223
0.477173
0.477116
0.476797
0.476382
0.476156
0.476118
0.475887
0.475772
0.475573
0.47541
0.475194
0.474776
0.47478
0.474699
0.474539
0.474292
0.474134
0.473969
0.473795
0.473667
0.473599
0.473517
0.473662
0.473511
0.473233
0.47318
0.473021
0.472941
0.472773
0.472552
0.472464
0.472306
0.472236
0.47209
0.471917
0.471854
0.471948
0.471754
0.471692
0.471402
0.471268
0.471159
0.471057
0.470845
0.470783
0.470547
0.470468
0.470424
0.470208
0.470129
0.470039
0.469826
0.469603
0.469432
0.469268
0.468965
0.46895
0.468868
0.468812
0.468569
0.468371
0.468138
0.467993
0.467785
0.467579
0.467564
0.467482
0.467308
0.467255
0.466785
0.466728
0.465952
0.465837
0.465811
0.465748
0.465638
0.465108
0.464962
0.464644
0.464461
0.464358
0.46423
0.464187
0.463996
0.463777
0.463699
0.463542
0.463552
0.463699
0.463688
0.463682
0.463696
0.463569
0.463569
0.463664
0.463693
0.46358
0.463568
0.463314
0.463277
0.463327
0.463329
0.463383
0.463383
0.463399
0.463406
0.463363
0.463387
0.463471
0.463566
0.46338
0.463347
0.463268
0.463273
0.463246
0.463334
0.463374
0.463497
0.463443
0.463363
0.463284
0.46328
0.463312
0.463143
0.463019
0.463059
0.46302
0.463005
0.462894
0.462877
0.462826
0.462882
0.462812
0.46286
0.462789
0.462809
0.462814
0.46275
0.462658
0.462682
0.462681
0.462652
0.462606
0.462673
0.462636
0.462661
0.462652
0.462576
0.462305
0.462256
0.462212
0.462138
0.462142
0.462122
0.462021
0.462
0.461925
0.461764
0.46177
0.461808
0.461823
0.461858
0.461892
0.461909
0.461945
0.461932
0.461936
0.46185
0.461801
0.461952
0.461983
0.461682
0.461663
0.461362
0.461453
0.461428
0.461408
0.461391
0.461408
0.46142
0.461519
0.461569
0.461652
0.461561
0.461584
0.461609
0.461567
0.461636
0.461745
0.461795
0.461528
0.46144
0.461342
0.461287
0.461425
0.461502
0.461503
0.461496
0.461617
0.461535
0.461639
0.461705
0.461768
0.461681
0.461697
0.461659
0.461756
0.461792
0.461846
0.461884
0.461937
0.461994
0.461984
0.462024
0.462055
0.462141
0.462132
0.462194
0.46231
0.462369
0.462448
0.462456
0.46253
0.462576
0.462463
0.462488
0.462505
0.462478
0.462541
0.462565
0.46253
0.462542
0.462616
0.462655
0.462703
0.462824
0.462818
0.462812
0.462819
0.462834
0.462983
0.463005
0.462991
0.463067
0.463063
0.463101
0.463167
0.463145
0.463137
0.46316
0.463291
0.463372
0.463488
0.46347
0.463546
0.463668
0.463718
0.463684
0.463771
0.463862
0.463807
0.46382
0.463982
0.464017
0.463953
0.464086
0.464155
0.464128
0.464174
0.464108
0.464154
0.464133
0.464134
0.464187
0.464243
0.464309
0.464183
0.464141
0.464259
0.464291
0.464307
0.464391
0.464419
0.46451
0.464498
0.463772
0.463076
0.462927
0.462778
0.46253
0.462246
0.462177
0.462071
0.461886
0.461758
0.461671
0.46158
0.461479
0.461349
0.461338
0.461255
0.46113
0.461017
0.460818
0.460652
0.460569
0.46049
0.460408
0.460229
0.460116
0.460034
0.45994
0.459862
0.459751
0.459718
0.459666
0.45967
0.459617
0.459659
0.459505
0.459314
0.459005
0.459031
0.458951
0.458894
0.458805
0.458711
0.458676
0.458607
0.458475
0.458434
0.458442
0.45833
0.458316
0.458204
0.458228
0.45818
0.458127
0.458047
0.457948
0.457874
0.457855
0.457804
0.457701
0.457585
0.457526
0.457457
0.457412
0.457257
0.457218
0.457121
0.457032
0.456873
0.456781
0.456691
0.456558
0.456482
0.456422
0.456276
0.456212
0.456107
0.456095
0.455982
0.45592
0.455818
0.455735
0.455724
0.455571
0.455442
0.455317
0.455268
0.455211
0.45518
0.455055
0.454981
0.454908
0.454889
0.454814
0.454738
0.454736
0.45468
0.454553
0.454494
0.454498
0.454486
0.454434
0.454452
0.454569
0.454549
0.454542
0.454609
0.454677
0.454748
0.454839
0.454908
0.454993
0.455127
0.455207
0.455219
0.455309
0.455373
0.455447
0.455523
0.455573
0.455618
0.455723
0.455738
0.455848
0.455861
0.455966
0.456004
0.455978
0.455985
0.456088
0.456123
0.456102
0.456155
0.456224
0.456219
0.456279
0.456319
0.456416
0.456453
0.456497
0.456583
0.456562
0.456642
0.45666
0.456671
0.456741
0.456772
0.456754
0.456824
0.456849
0.456909
0.456982
0.457068
0.457092
0.45712
0.457206
0.457253
0.457277
0.457371
0.457426
0.457447
0.457513
0.457653
0.457696
0.457751
0.457821
0.457937
0.457992
0.458081
0.458102
0.458149
0.458193
0.458299
0.458356
0.45843
0.45841
0.458272
0.458346
0.458357
0.458338
0.458376
0.458483
0.458536
0.458624
0.458699
0.458743
0.458761
0.45885
0.458919
0.458954
0.459017
0.459052
0.459095
0.459204
0.459243
0.459271
0.459313
0.459356
0.459406
0.45945
0.459528
0.459552
0.459629
0.459663
0.459665
0.459739
0.459803
0.459789
0.459787
0.459878
0.45989
0.459964
0.460007
0.46009
0.460167
0.460217
0.460226
0.460242
0.460243
0.460286
0.460317
0.460311
0.460379
0.460391
0.46044
0.460421
0.460453
0.460498
0.460554
0.460597
0.460599
0.460644
0.460638
0.460641
0.460713
0.460704
0.460746
0.460763
0.460871
0.460943
0.460936
0.461011
0.460991
0.461031
0.461104
0.461147
0.461187
0.461222
0.461264
0.46128
0.461348
0.461402
0.461425
0.461383
0.461417
0.461432
0.461431
0.461487
0.461514
0.461552
0.461638
0.461677
0.461411
0.461405
0.461338
0.461336
0.461331
0.461284
0.461246
0.461241
0.4612
0.461104
0.461066
0.461091
0.461082
0.461085
0.461026
0.460929
0.460875
0.460759
0.460776
0.460755
0.460598
0.460519
0.46044
0.460391
0.460312
0.460291
0.460267
0.460282
0.460241
0.460208
0.460077
0.460033
0.460006
0.459998
0.459935
0.459887
0.459853
0.459832
0.459751
0.45969
0.459634
0.459557
0.459521
0.459473
0.459418
0.459391
0.45933
0.459282
0.459275
0.459153
0.459152
0.459136
0.459049
0.458993
0.458951
0.458902
0.458904
0.458868
0.458792
0.458747
0.458646
0.458571
0.458491
0.458418
0.45835
0.458321
0.458219
0.458116
0.458035
0.457952
0.457893
0.457821
0.457774
0.457736
0.457716
0.457676
0.457579
0.457466
0.457384
0.457322
0.457285
0.457235
0.457126
0.457053
0.456975
0.456951
0.456823
0.456729
0.456688
0.456668
0.456596
