0
0.537549
0.49697
0.49362
0.495739
0.499399
0.506189
0.510492
0.512079
0.519016
0.517311
0.5187
0.517775
0.51533
0.518642
0.518792
0.520764
0.52187
0.519942
0.520496
0.521938
0.523644
0.521841
0.520331
0.517234
0.517057
0.514508
0.51431
0.513635
0.513962
0.513504
0.508199
0.506188
0.505221
0.504163
0.499887
0.498534
0.498139
0.496442
0.494954
0.493537
0.49253
0.491868
0.490834
0.488693
0.488057
0.486909
0.48653
0.48671
0.48611
0.485984
0.484878
0.484783
0.483803
0.483392
0.483575
0.482823
0.482311
0.48145
0.481
0.480325
0.480494
0.479591
0.478613
0.477413
0.477423
0.477218
0.476754
0.477127
0.476708
0.476757
0.476673
0.476674
0.475939
0.474824
0.474374
0.474499
0.473519
0.473001
0.471615
0.470741
0.469755
0.469265
0.469228
0.468651
0.468559
0.468175
0.468145
0.467567
0.46712
0.466753
0.466123
0.465628
0.465585
0.464969
0.463978
0.464058
0.46417
0.463951
0.463406
0.462769
0.462497
0.461872
0.461796
0.461644
0.461854
0.461787
0.461592
0.46138
0.461363
0.460952
0.46065
0.460065
0.459821
0.460067
0.459597
0.459449
0.459392
0.45905
0.458979
0.458774
0.458508
0.458289
0.458192
0.458232
0.45756
0.457561
0.457363
0.45663
0.453847
0.452078
0.451942
0.451394
0.450541
0.450182
0.449497
0.44886
0.448783
0.448554
0.447217
0.4468
0.446221
0.445887
0.445484
0.445162
0.444944
0.444775
0.444874
0.444477
0.444345
0.444142
0.443655
0.443455
0.442901
0.442571
0.442938
0.442176
0.442035
0.441828
0.441792
0.44137
0.441147
0.440954
0.440733
0.440701
0.440325
0.439672
0.439475
0.43862
0.438221
0.438166
0.438117
0.437843
0.437494
0.437241
0.437054
0.436207
0.435698
0.435664
0.435233
0.435052
0.435062
0.434637
0.434632
0.434595
0.434547
0.434464
0.434198
0.434345
0.434049
0.433862
0.433605
0.433505
0.433313
0.433225
0.432999
0.432904
0.432887
0.432849
0.432855
0.432958
0.432816
0.432724
0.43241
0.432291
0.432199
0.43192
0.431768
0.431953
0.431808
0.431586
0.431528
0.431292
0.431188
0.431009
0.430904
0.430797
0.430618
0.430647
0.430689
0.430572
0.430341
0.430445
0.430497
0.430367
0.430344
0.430439
0.430247
0.430343
0.430174
0.430148
0.43015
0.430141
0.430048
0.429906
0.430011
0.430151
0.430275
0.430245
0.430313
0.428888
0.428737
0.428646
0.428565
0.428442
0.428258
0.428005
0.427971
0.427782
0.427721
0.427474
0.427327
0.427338
0.427246
0.426952
0.42696
0.42704
0.427026
0.426907
0.42687
0.426745
0.426623
0.426485
0.426276
0.426106
0.426169
0.426428
0.426471
0.426475
0.426442
0.426548
0.426495
0.426409
0.426389
0.426354
0.426222
0.426138
0.426103
0.426097
0.426064
0.426079
0.426085
0.425982
0.426032
0.425991
0.425974
0.426081
0.426042
0.425842
0.425819
0.425779
0.425572
0.42551
0.425492
0.425554
0.425732
0.425695
0.425615
0.425496
0.42544
0.425407
0.425379
0.425284
0.425236
0.425379
0.425352
0.425465
0.425368
0.425405
0.425372
0.425382
0.425379
0.42532
0.42524
0.425148
0.425252
0.425445
0.425515
0.425656
0.425679
0.425594
0.425632
0.425671
0.425597
0.425565
0.425513
0.425423
0.425178
0.425117
0.425137
0.425196
0.425371
0.425263
0.425202
0.425308
0.425413
0.42539
0.425329
0.425147
0.425045
0.42507
0.42505
0.424992
0.424972
0.424867
0.424713
0.424718
0.424622
0.424651
0.424715
0.424819
0.424719
0.424709
0.424455
0.424542
0.424473
0.424651
0.424549
0.424194
0.424154
0.423918
0.423848
0.423798
0.423881
0.423844
0.423857
0.42398
0.42397
0.424117
0.424051
0.424135
0.42416
0.424204
0.42419
0.424277
0.424391
0.42459
0.424631
0.424592
0.424625
0.424609
0.42469
0.42479
0.424939
0.42491
0.424796
0.424796
0.424635
0.424524
0.424778
0.424822
0.424862
0.424854
0.424845
0.424814
0.424823
0.42482
0.424868
0.424809
0.42486
0.424827
0.424849
0.424892
0.424909
0.424939
0.424927
0.424925
0.425059
0.425162
0.425225
0.425211
0.425319
0.425466
0.425459
0.425396
0.425341
0.425394
0.425383
0.425521
0.425548
0.425618
0.425602
0.425738
0.425646
0.425748
0.425865
0.425896
0.426011
0.426043
0.426149
0.425883
0.425872
0.425893
0.425949
0.425964
0.426039
0.425958
0.425981
0.426067
0.425935
0.425842
0.425786
0.425857
0.425977
0.426014
0.426104
0.426085
0.426033
0.42599
0.425957
0.42603
0.426044
0.425179
0.424828
0.424868
0.424811
0.424892
0.424953
0.424949
0.424955
0.424918
0.424742
0.424728
0.424742
0.424726
0.424522
0.424475
0.424448
0.424329
0.424372
0.424307
0.424344
0.424335
0.424427
0.424413
0.424489
0.424525
0.424443
0.424429
0.424408
0.424399
0.424293
0.424383
0.424442
0.424393
0.42438
0.42441
0.424469
0.424496
0.424521
0.424488
0.424468
0.424406
0.424466
0.424394
0.424337
0.424395
0.424452
0.424405
0.424413
0.424445
0.424447
0.424378
0.4243
0.424307
0.424335
0.424334
0.424318
0.42424
0.424376
0.424243
0.42422
0.424324
0.424354
0.424414
0.424489
0.424504
0.424533
0.424552
0.424519
0.424648
0.424532
0.424513
0.424559
0.424442
0.42448
0.424518
0.424584
0.424479
0.424585
0.424627
0.424678
0.424821
0.424813
0.424826
0.424858
0.424873
0.424947
0.424982
0.425028
0.425026
0.425072
0.425059
0.425065
0.425076
0.425155
0.425228
0.425256
0.425252
0.425292
0.425358
0.425322
0.425409
0.425356
0.425406
0.425447
0.425461
0.425543
0.425637
0.425583
0.425593
0.425633
0.425645
0.425665
0.425652
0.425577
0.425535
0.425509
0.425504
0.425543
0.425532
0.425642
0.425763
0.425779
0.425806
0.425868
0.42584
0.425797
0.425768
0.425776
0.425802
0.425791
0.425736
0.425737
0.42581
0.42586
0.425953
0.425995
0.426046
0.426058
0.426132
0.426108
0.426146
0.426097
0.426099
0.426159
0.425974
0.425666
0.425755
0.425703
0.425729
0.425656
0.425647
0.425554
0.425608
0.425647
0.42573
0.425676
0.425702
0.425715
0.425636
0.42571
0.425724
0.425803
0.425859
0.425846
0.425831
0.425788
0.425672
0.425798
0.425858
0.425905
0.425891
0.425923
0.425902
0.425894
0.425923
0.426062
0.426058
0.426016
0.426077
0.426101
0.426027
0.425977
0.42601
0.425998
0.425989
0.425917
0.425881
0.42593
0.425862
0.425738
0.425731
0.425735
0.425759
0.425762
0.42584
0.425989
0.426056
0.426101
0.426091
0.426133
0.426213
0.426212
0.426156
0.426168
0.426171
0.426187
0.426183
0.426146
0.426259
0.426296
0.426342
0.426392
0.426398
0.42645
0.426506
0.426509
0.426458
0.426485
0.426516
0.426592
0.42667
0.426698
0.426782
0.426832
0.426837
0.426847
0.426817
0.426815
0.42685
0.426867
0.426841
0.42688
0.426952
0.42688
0.426887
0.426889
0.42689
0.426923
0.426945
0.427028
0.427005
0.427016
0.427053
0.427119
0.427134
0.427182
0.427219
0.427255
0.427256
0.427262
0.427241
0.427151
0.427196
0.427197
0.427245
0.427274
0.427308
0.427375
0.427419
0.427461
0.427487
0.427443
0.427484
0.427546
0.427592
0.427633
0.427655
0.427705
0.427768
0.427877
0.427928
0.427997
0.428
0.428065
0.428035
0.428021
0.427993
0.427964
0.427984
0.427987
0.428029
0.428049
0.428096
0.428062
0.428102
0.428141
0.428167
0.428231
0.428291
0.428399
0.42842
0.428324
0.428387
0.428438
0.428423
0.42846
0.42847
0.428489
0.42851
0.428562
0.428508
0.428496
0.428548
0.428542
0.428583
0.428671
0.428689
0.42872
0.428769
0.428731
0.428761
0.42871
0.428746
0.428757
0.428759
0.428729
0.4288
0.428841
0.428935
0.429028
0.429082
0.429136
0.429164
0.429256
0.429198
0.429198
0.429222
0.429219
0.429239
0.429272
0.429303
0.429335
0.429386
0.429427
0.429435
0.429408
0.429461
0.429451
0.429512
0.429612
0.429647
0.429708
0.429754
0.429798
0.429837
0.429888
0.429876
0.429866
0.429907
0.429956
0.429981
0.430022
0.430038
0.430063
0.430113
0.430156
0.430192
0.430207
0.430267
0.430345
0.430392
0.430432
0.430432
0.430519
0.430555
0.430623
0.430677
0.430718
0.430703
0.43073
0.430695
0.43077
0.430852
0.430831
0.430853
0.430866
0.430918
0.430931
0.430916
0.430918
0.43094
0.43099
0.431016
0.431006
0.43101
0.431053
0.431138
0.431179
0.431205
0.431088
0.430672
0.430211
0.42978
0.429292
0.428977
0.428979
0.428993
0.429055
0.429098
0.429129
0.429157
0.429217
0.42918
0.42922
0.429139
0.429128
0.429089
0.429127
0.429143
0.429106
0.429106
0.429097
0.429135
0.429178
0.429147
0.429142
0.429078
0.42909
0.429078
0.429035
0.429029
0.429037
0.428998
0.428932
0.428908
0.428881
0.428979
0.429041
0.42904
0.42906
0.429088
0.429127
0.429117
0.429207
0.429257
0.429263
0.429231
0.429264
0.429257
0.429233
0.429232
0.429231
0.429275
0.42932
0.429332
0.429306
0.429329
0.429312
0.429314
0.429365
0.429363
0.429372
0.429402
0.429397
0.429364
0.429333
0.429281
0.429275
0.429289
0.42925
0.429204
0.429192
0.429208
0.429245
0.429254
0.429266
0.429222
0.429306
0.429229
0.429198
0.429192
0.429244
0.429287
0.429315
0.42933
0.429338
0.429385
0.429298
0.428964
0.428915
0.428868
0.428888
0.42894
0.428986
0.429003
0.428979
0.429007
0.429002
0.428985
0.429
0.428938
0.428957
0.428937
0.428961
0.429007
0.428874
0.428868
0.428907
0.428927
0.428973
0.428991
0.428963
0.428987
0.428975
0.428982
0.428956
0.42893
0.428967
0.428965
0.428992
0.428955
0.428977
0.429002
0.429039
0.42902
0.42896
0.428936
0.428966
0.428969
0.428997
0.428983
0.429051
0.428937
0.428905
0.428921
0.428909
0.428909
0.428948
0.428923
0.428929
0.428953
0.428942
0.428953
0.428938
0.428977
0.428986
0.429038
0.429027
0.42901
0.429087
0.429101
0.429121
0.429084
0.429073
0.42907
0.429102
0.429146
0.429112
0.429134
