0
0.214575
0.278218
0.309067
0.322195
0.3336
0.35005
0.360977
0.372578
0.381015
0.379571
0.381672
0.382575
0.387016
0.390758
0.391961
0.393612
0.393985
0.395527
0.39609
0.397229
0.398716
0.398785
0.399127
0.398211
0.398073
0.39837
0.398828
0.399801
0.400738
0.399898
0.394663
0.394363
0.394521
0.394095
0.391568
0.390069
0.389574
0.388335
0.387114
0.386451
0.38637
0.385687
0.385839
0.38502
0.384781
0.384457
0.384939
0.384828
0.385135
0.384582
0.383626
0.383732
0.383556
0.382766
0.383145
0.382674
0.382475
0.381963
0.381463
0.381141
0.380264
0.379366
0.378638
0.379126
0.379091
0.378872
0.378644
0.37832
0.377846
0.37764
0.37775
0.378106
0.376934
0.376012
0.375718
0.375518
0.375356
0.374846
0.374122
0.373455
0.371956
0.371591
0.370884
0.370407
0.370081
0.369789
0.369003
0.368036
0.367527
0.367536
0.367439
0.366595
0.366663
0.366124
0.365413
0.364893
0.364968
0.365162
0.365158
0.364467
0.364423
0.364306
0.364249
0.363981
0.363361
0.363111
0.362797
0.362875
0.362545
0.362315
0.362173
0.362068
0.3617
0.362013
0.361893
0.361706
0.362001
0.3621
0.362253
0.362301
0.362176
0.362211
0.36184
0.36184
0.361705
0.36192
0.361964
0.361479
0.358695
0.356699
0.356251
0.355976
0.35509
0.354462
0.354379
0.353721
0.353365
0.353344
0.352199
0.351761
0.351579
0.351449
0.350978
0.350439
0.350205
0.349911
0.349624
0.34913
0.34874
0.348508
0.347979
0.347771
0.347758
0.347551
0.34716
0.346933
0.34686
0.34674
0.346738
0.346589
0.346486
0.346336
0.346183
0.346127
0.345847
0.345479
0.345253
0.344589
0.344509
0.344545
0.344107
0.343935
0.343613
0.343309
0.343174
0.342636
0.342311
0.342151
0.341966
0.341842
0.34201
0.341574
0.341606
0.341219
0.340913
0.340888
0.340864
0.340867
0.340835
0.340603
0.340507
0.340236
0.340368
0.340328
0.340264
0.340427
0.340142
0.340118
0.339977
0.339901
0.339775
0.339789
0.339687
0.339589
0.339406
0.339291
0.339134
0.339068
0.338756
0.338628
0.338595
0.338645
0.338557
0.338806
0.338685
0.338754
0.338457
0.338425
0.338393
0.338361
0.338472
0.338482
0.338734
0.338849
0.338695
0.338766
0.338985
0.339136
0.33921
0.339173
0.339369
0.339404
0.339469
0.339711
0.339747
0.339916
0.339892
0.339788
0.339835
0.338787
0.338651
0.338626
0.338685
0.338651
0.338614
0.338796
0.338985
0.338833
0.338768
0.338935
0.338828
0.338908
0.338847
0.338641
0.338638
0.338602
0.338593
0.33871
0.338596
0.338546
0.338288
0.337986
0.337939
0.337914
0.337816
0.337818
0.33796
0.337705
0.33774
0.337728
0.337683
0.337555
0.337551
0.337607
0.337587
0.337568
0.337503
0.337436
0.337393
0.337289
0.337274
0.337101
0.337029
0.336989
0.336942
0.336882
0.336882
0.336965
0.336947
0.336968
0.336619
0.336472
0.336432
0.336325
0.336242
0.336326
0.336353
0.336402
0.336353
0.336324
0.336344
0.33606
0.33609
0.336172
0.336282
0.336228
0.336074
0.335982
0.335952
0.33588
0.335762
0.335659
0.335671
0.33552
0.335532
0.335631
0.335851
0.335861
0.335801
0.335741
0.335829
0.335849
0.335796
0.335667
0.335678
0.335713
0.335585
0.33562
0.335452
0.335373
0.335448
0.335468
0.335474
0.335529
0.335387
0.33529
0.335387
0.335226
0.335221
0.335149
0.335189
0.335118
0.335084
0.335085
0.335114
0.33524
0.3352
0.335156
0.335151
0.334977
0.335059
0.335021
0.334918
0.335064
0.33514
0.335143
0.334967
0.334652
0.334541
0.334546
0.334559
0.334526
0.334569
0.334698
0.334686
0.334763
0.33485
0.334959
0.334965
0.334871
0.334795
0.334847
0.334777
0.334781
0.334758
0.334815
0.334804
0.334823
0.33485
0.334942
0.334907
0.335029
0.334922
0.335026
0.335047
0.334999
0.33512
0.335243
0.335306
0.335162
0.335081
0.3351
0.33506
0.334953
0.335054
0.334925
0.334983
0.334957
0.334983
0.334912
0.334894
0.334966
0.334991
0.335026
0.335037
0.335037
0.334917
0.334865
0.334813
0.334807
0.334897
0.334949
0.335124
0.335094
0.335085
0.335095
0.335207
0.335176
0.335429
0.335645
0.335747
0.33583
0.335889
0.335899
0.335893
0.335889
0.336052
0.33605
0.336169
0.335896
0.335938
0.336003
0.336138
0.336129
0.3361
0.336137
0.336205
0.3363
0.336077
0.336067
0.336047
0.336159
0.336269
0.336356
0.33632
0.336397
0.33652
0.336544
0.336702
0.336802
0.336761
0.336085
0.335805
0.335859
0.335923
0.335943
0.335912
0.335924
0.336049
0.335945
0.335587
0.335555
0.335501
0.335492
0.33528
0.335307
0.335144
0.335137
0.335232
0.335258
0.335377
0.335352
0.335319
0.335334
0.335265
0.335292
0.335311
0.335261
0.33528
0.33516
0.335128
0.33519
0.335215
0.335148
0.335226
0.335206
0.33521
0.335313
0.335336
0.335259
0.335344
0.335406
0.335404
0.335418
0.335306
0.335487
0.335614
0.335566
0.335645
0.3356
0.335595
0.335561
0.335657
0.335661
0.335648
0.335741
0.335783
0.335802
0.335737
0.335676
0.335644
0.335676
0.335629
0.335619
0.335736
0.335729
0.335733
0.33566
0.335695
0.335687
0.335655
0.335711
0.335733
0.335598
0.335673
0.33572
0.335742
0.335731
0.335718
0.335724
0.335676
0.335718
0.335716
0.335782
0.335799
0.335847
0.335781
0.335771
0.335866
0.335856
0.335958
0.335997
0.336039
0.335998
0.335919
0.335948
0.335931
0.335903
0.335902
0.335899
0.335929
0.33596
0.335995
0.336017
0.336029
0.335976
0.335998
0.33596
0.335923
0.33592
0.335923
0.335984
0.33606
0.336062
0.336083
0.336028
0.336053
0.336108
0.336174
0.336034
0.336105
0.336168
0.33618
0.336167
0.33624
0.336288
0.336192
0.33623
0.336283
0.336235
0.33629
0.336227
0.336172
0.336157
0.336203
0.336174
0.336213
0.336237
0.336281
0.336384
0.336407
0.336436
0.336492
0.336507
0.336523
0.336297
0.336047
0.336054
0.336071
0.336075
0.336111
0.336168
0.336134
0.336213
0.336311
0.33631
0.336324
0.33646
0.336557
0.336521
0.336547
0.336607
0.336735
0.336775
0.336805
0.336875
0.336942
0.336925
0.336947
0.33701
0.337077
0.337068
0.337094
0.337115
0.337145
0.337059
0.33704
0.336995
0.337054
0.337069
0.337057
0.337192
0.337187
0.337217
0.337154
0.33718
0.337179
0.337251
0.337321
0.337352
0.337229
0.337211
0.337196
0.337159
0.337168
0.33724
0.337298
0.337332
0.337416
0.337407
0.337432
0.337491
0.337505
0.337531
0.337456
0.33745
0.337556
0.337611
0.337683
0.337725
0.337748
0.337781
0.337834
0.337865
0.337934
0.338
0.338051
0.33799
0.337984
0.338007
0.337979
0.337978
0.337954
0.337981
0.338015
0.337998
0.338067
0.338088
0.338104
0.338188
0.338241
0.338255
0.338252
0.338359
0.338374
0.338423
0.338396
0.33839
0.338378
0.338371
0.338397
0.338423
0.338461
0.338475
0.338545
0.33859
0.338569
0.338614
0.338651
0.338778
0.338806
0.338868
0.338841
0.338931
0.338938
0.338926
0.338981
0.338995
0.339072
0.339028
0.339047
0.339141
0.339134
0.339179
0.339173
0.339234
0.33932
0.339379
0.339462
0.339483
0.339571
0.339579
0.339601
0.339614
0.339646
0.339678
0.33977
0.339749
0.339773
0.339785
0.339783
0.339818
0.3399
0.339878
0.33993
0.339934
0.339921
0.339942
0.339967
0.340013
0.340043
0.340089
0.340014
0.340036
0.34001
0.340006
0.340079
0.340121
0.340104
0.340139
0.340095
0.34015
0.340169
0.340166
0.34021
0.340214
0.340277
0.340268
0.340277
0.340358
0.34031
0.340384
0.340387
0.340406
0.340426
0.340421
0.340436
0.340425
0.340567
0.340589
0.340635
0.340689
0.340715
0.340756
0.340804
0.340885
0.340925
0.340973
0.341026
0.341081
0.34102
0.340995
0.341088
0.341097
0.341141
0.341188
0.34124
0.341273
0.341266
0.341323
0.341329
0.341354
0.341363
0.341436
0.341487
0.341546
0.341588
0.341616
0.341608
0.341693
0.341715
0.341727
0.341765
0.341826
0.341902
0.341968
0.341978
0.342057
0.342062
0.342165
0.342209
0.342285
0.342362
0.34242
0.342388
0.342407
0.342394
0.342382
0.342424
0.342485
0.342469
0.342497
0.34255
0.342553
0.34258
0.342603
0.342655
0.342707
0.342754
0.342764
0.342775
0.342789
0.342827
0.34288
0.342931
0.342899
0.342964
0.343051
0.343062
0.343101
0.343029
0.342623
0.34224
0.341826
0.341417
0.341151
0.341112
0.341132
0.341168
0.34114
0.34111
0.341119
0.341157
0.341118
0.341157
0.341102
0.341131
0.341099
0.341046
0.341069
0.341105
0.341162
0.341194
0.341211
0.341221
0.34126
0.341282
0.341248
0.341264
0.341266
0.341211
0.341209
0.341181
0.341208
0.341319
0.34134
0.341297
0.3413
0.341278
0.341301
0.341293
0.341295
0.341309
0.341331
0.341372
0.341375
0.341358
0.341388
0.341369
0.341427
0.341466
0.341487
0.341495
0.341518
0.341522
0.341496
0.341527
0.341465
0.341441
0.341423
0.3414
0.341473
0.341491
0.341428
0.341419
0.341431
0.341444
0.341489
0.341493
0.341513
0.341501
0.34141
0.341406
0.341402
0.341382
0.341384
0.341292
0.341296
0.341305
0.341238
0.341246
0.341238
0.341269
0.341303
0.341297
0.341281
0.341295
0.341279
0.34126
0.340908
0.340868
0.340881
0.340921
0.340953
0.340967
0.340914
0.340881
0.340867
0.340817
0.340794
0.340792
0.340811
0.34082
0.340793
0.340815
0.340812
0.340689
0.34069
0.340691
0.340737
0.340769
0.340775
0.340753
0.340728
0.34073
0.340741
0.340762
0.340745
0.340735
0.340725
0.340702
0.340725
0.340742
0.340733
0.340795
0.340867
0.340884
0.340918
0.340895
0.34096
0.340992
0.340963
0.340957
0.340859
0.340929
0.340968
0.340981
0.340953
0.340963
0.340948
0.340996
0.340995
0.340964
0.340972
0.340954
0.340933
0.340969
0.340998
0.34098
0.340928
0.34093
0.341011
0.341032
0.341128
0.341134
0.341128
0.341111
0.341113
0.341093
0.341085
