0.824713
0.814978
0.81268
0.818649
0.818776
0.819639
0.817637
0.815177
0.820856
0.821075
0.808441
0.800554
0.789608
0.780267
0.774064
0.766604
0.759321
0.755756
0.75142
0.748648
0.739903
0.730916
0.725634
0.717522
0.711813
0.705162
0.700411
0.694686
0.690541
0.685126
0.679117
0.671823
0.664563
0.658385
0.653037
0.646659
0.642875
0.63733
0.633496
0.628561
0.623325
0.617531
0.612005
0.606701
0.602269
0.597781
0.592914
0.589476
0.584815
0.581508
0.57734
0.572524
0.569042
0.56451
0.559624
0.555436
0.551636
0.547555
0.544152
0.540455
0.537274
0.534024
0.53074
0.527481
0.524121
0.521642
0.519213
0.516721
0.513661
0.511344
0.508405
0.506376
0.504567
0.50314
0.500986
0.498472
0.496807
0.495107
0.493147
0.491417
0.490552
0.488775
0.487834
0.486016
0.484969
0.484342
0.48314
0.482213
0.481247
0.480736
0.480755
0.479444
0.479599
0.479484
0.479689
0.479773
0.479856
0.479501
0.479474
0.479485
0.479741
0.479906
0.480322
0.480366
0.480227
0.480362
0.480062
0.480476
0.480364
0.479762
0.479809
0.479973
0.480348
0.480396
0.480122
0.48026
0.480307
0.479606
0.475758
0.473371
0.473086
0.473207
0.472802
0.472701
0.471737
0.471479
0.471031
0.470595
0.469224
0.468942
0.468703
0.46794
0.467436
0.467155
0.466766
0.46664
0.466409
0.466105
0.465674
0.465603
0.46525
0.46484
0.464423
0.464275
0.464022
0.463759
0.463558
0.463444
0.462925
0.462681
0.46258
0.46241
0.462366
0.462265
0.462189
0.461418
0.460831
0.459831
0.459667
0.459614
0.458951
0.458539
0.457755
0.457631
0.457552
0.456504
0.456263
0.45597
0.455974
0.455961
0.455788
0.455644
0.455358
0.454933
0.454475
0.454502
0.454426
0.454333
0.454262
0.453764
0.453553
0.453357
0.453305
0.453059
0.45262
0.452512
0.452257
0.451947
0.451767
0.451452
0.451213
0.451011
0.45076
0.450624
0.45038
0.449953
0.449889
0.449771
0.449658
0.449532
0.449195
0.448935
0.448593
0.44839
0.448446
0.44839
0.448176
0.448144
0.44806
0.448138
0.448003
0.448025
0.447831
0.447659
0.447521
0.447622
0.447643
0.447488
0.447377
0.447238
0.447381
0.447609
0.447761
0.447787
0.447911
0.448046
0.447942
0.448177
0.448307
0.446721
0.446521
0.44654
0.446519
0.446356
0.446078
0.445996
0.445987
0.445728
0.445454
0.445322
0.445198
0.445016
0.444659
0.444161
0.444033
0.443897
0.443893
0.443904
0.443912
0.44364
0.443388
0.443139
0.443172
0.44311
0.443051
0.443007
0.44298
0.44266
0.442665
0.442576
0.442433
0.442265
0.442093
0.442087
0.442076
0.441941
0.441827
0.441916
0.441984
0.441867
0.441815
0.441474
0.441403
0.441412
0.441422
0.441247
0.441203
0.441048
0.440956
0.44082
0.44048
0.440497
0.440493
0.440349
0.440423
0.440495
0.440595
0.440445
0.440375
0.440121
0.440089
0.440049
0.439833
0.439826
0.439934
0.43987
0.439808
0.439736
0.43964
0.439692
0.439676
0.439602
0.439495
0.439441
0.439287
0.43923
0.439135
0.439067
0.438881
0.438572
0.438561
0.438503
0.438369
0.438087
0.438154
0.438169
0.437888
0.43785
0.437784
0.437545
0.437551
0.437547
0.437542
0.437467
0.437281
0.437192
0.437262
0.436939
0.436996
0.436921
0.437075
0.437255
0.437379
0.437689
0.437859
0.43798
0.438121
0.43806
0.438164
0.438215
0.438344
0.438596
0.438321
0.438459
0.438572
0.438663
0.438721
0.438251
0.438342
0.438241
0.438405
0.438338
0.438574
0.438772
0.43897
0.439051
0.439038
0.439105
0.439049
0.439204
0.439164
0.439211
0.439324
0.439311
0.439349
0.439458
0.439606
0.439712
0.439809
0.439908
0.440011
0.440196
0.440162
0.440267
0.440356
0.440389
0.440467
0.440497
0.440625
0.440649
0.440763
0.440706
0.440806
0.440838
0.44088
0.441028
0.441158
0.441391
0.44143
0.441526
0.441723
0.441808
0.441892
0.442088
0.442093
0.442271
0.442323
0.442341
0.442456
0.442595
0.442689
0.442777
0.442868
0.443123
0.443137
0.443197
0.443277
0.443353
0.443459
0.443474
0.443674
0.443778
0.443894
0.443937
0.444025
0.444078
0.444099
0.444287
0.444316
0.443922
0.444064
0.444115
0.444208
0.444186
0.444149
0.444175
0.444221
0.444228
0.443907
0.443872
0.443997
0.444032
0.444158
0.444321
0.444376
0.444452
0.44448
0.444591
0.444575
0.444615
0.444711
0.443722
0.44331
0.443362
0.443313
0.443408
0.443408
0.443322
0.443475
0.443317
0.442916
0.443028
0.443006
0.443126
0.4428
0.442735
0.442751
0.442778
0.442895
0.442983
0.443075
0.443071
0.443107
0.443049
0.443029
0.443022
0.443113
0.443136
0.443255
0.443211
0.443274
0.443297
0.44333
0.443381
0.443368
0.443411
0.443511
0.443585
0.443494
0.443564
0.443638
0.443615
0.443594
0.443584
0.443518
0.443567
0.44366
0.443666
0.443689
0.443699
0.443785
0.443762
0.443825
0.443944
0.444032
0.444122
0.444174
0.444223
0.444266
0.44436
0.444474
0.444458
0.444434
0.444488
0.444486
0.44447
0.444432
0.444403
0.444421
0.444469
0.444527
0.444586
0.444662
0.444603
0.444562
0.444591
0.444625
0.444473
0.444505
0.444484
0.444497
0.444503
0.444633
0.444697
0.444878
0.444949
0.445002
0.445104
0.445163
0.445203
0.445282
0.445275
0.445403
0.445447
0.445623
0.445733
0.445741
0.445697
0.445681
0.445742
0.445882
0.445963
0.446038
0.446076
0.446106
0.446209
0.446251
0.446351
0.446397
0.446428
0.446484
0.446558
0.446673
0.446782
0.446902
0.446815
0.446878
0.447009
0.447073
0.446972
0.44691
0.447011
0.447182
0.447216
0.447254
0.447321
0.447324
0.447385
0.447517
0.447576
0.447657
0.447592
0.447593
0.447694
0.447747
0.447778
0.4478
0.447845
0.447919
0.447983
0.448062
0.448093
0.4482
0.448215
0.448249
0.447998
0.44762
0.44767
0.447759
0.447837
0.447951
0.448062
0.448129
0.448196
0.448232
0.448329
0.448369
0.448446
0.448571
0.448689
0.448841
0.448852
0.448933
0.449068
0.449143
0.449218
0.449277
0.449264
0.449251
0.449351
0.449448
0.449562
0.449592
0.449716
0.449777
0.449795
0.449884
0.449965
0.450027
0.450117
0.450209
0.45023
0.4504
0.450521
0.450628
0.450659
0.450828
0.450921
0.450985
0.451059
0.450865
0.450934
0.451006
0.451032
0.451036
0.451108
0.45115
0.451221
0.451325
0.451406
0.451446
0.451473
0.451525
0.45163
0.451677
0.451745
0.451801
0.451925
0.451977
0.452117
0.452185
0.452189
0.452219
0.452356
0.452473
0.452535
0.452596
0.452609
0.452652
0.452744
0.452818
0.452895
0.452929
0.452956
0.452987
0.453005
0.453122
0.453188
0.453285
0.453444
0.453527
0.45361
0.453721
0.453763
0.453833
0.453885
0.453936
0.45404
0.454124
0.454106
0.454226
0.454262
0.454329
0.454461
0.454499
0.454536
0.454551
0.454636
0.454678
0.454692
0.45479
0.454878
0.454901
0.454952
0.455021
0.455154
0.455241
0.455284
0.455346
0.45538
0.455426
0.455522
0.455571
0.455676
0.455632
0.455721
0.455734
0.455695
0.455693
0.455764
0.455796
0.455838
0.455816
0.455907
0.455915
0.455994
0.456079
0.456126
0.456176
0.456251
0.456244
0.456296
0.456372
0.456407
0.456505
0.456583
0.456646
0.456677
0.456742
0.456797
0.456832
0.456912
0.45676
0.456813
0.456856
0.45694
0.456985
0.457018
0.457063
0.457089
0.457083
0.45712
0.457062
0.457143
0.457195
0.45721
0.457241
0.457292
0.457364
0.457399
0.457358
0.457381
0.45748
0.457553
0.457546
0.457646
0.457711
0.457735
0.457819
0.457833
0.457858
0.457883
0.457964
0.458042
0.458096
0.458089
0.458098
0.458062
0.458104
0.458174
0.458218
0.458235
0.458242
0.458284
0.458418
0.458398
0.458439
0.458563
0.458579
0.458634
0.458629
0.458617
0.458687
0.458732
0.458748
0.458757
0.458842
0.458916
0.458954
0.459
0.45897
0.459089
0.45916
0.459204
0.459263
0.459273
0.459335
0.459345
0.459363
0.459324
0.4594
0.459445
0.459505
0.459623
0.459692
0.45976
0.459803
0.459819
0.459825
0.459903
0.459952
0.460012
0.460076
0.460143
0.460141
0.460152
0.460204
0.460219
0.460258
0.460271
0.460284
0.46038
0.460375
0.46039
0.460462
0.460473
0.460532
0.460573
0.460624
0.460653
0.460536
0.460023
0.459459
0.458896
0.458426
0.458117
0.458151
0.45818
0.458248
0.458281
0.458379
0.458361
0.458461
0.458486
0.458576
0.458585
0.458616
0.458568
0.458637
0.458705
0.458752
0.458784
0.458864
0.458901
0.458895
0.458951
0.458949
0.459031
0.459061
0.459103
0.459141
0.459258
0.459309
0.459394
0.459433
0.459515
0.459531
0.45961
0.459665
0.459636
0.459694
0.459678
0.459697
0.459677
0.459711
0.459768
0.459799
0.45981
0.459828
0.459849
0.459916
0.459959
0.459972
0.460015
0.46006
0.460093
0.460179
0.460238
0.460224
0.46024
0.460283
0.460377
0.46035
0.460345
0.460451
0.460433
0.460449
0.460471
0.460481
0.460504
0.460515
0.460409
0.460453
0.460487
0.460498
0.460477
0.460442
0.460425
0.460449
0.460389
0.460416
0.460428
0.460468
0.460516
0.460576
0.460586
0.460627
0.460646
0.460529
0.460056
0.459989
0.459934
0.459898
0.459895
0.459806
0.459706
0.459664
0.459579
0.459466
0.459432
0.45945
0.459352
0.459275
0.459196
0.459136
0.459108
0.458923
0.458841
0.45879
0.45875
0.458707
0.458669
0.458612
0.45853
0.458505
0.458498
0.458465
0.458415
0.458289
0.458234
0.458197
0.458131
0.458108
0.457993
0.457946
0.45787
0.457815
0.457787
0.457762
0.457704
0.457663
0.457611
0.457532
0.457328
0.457255
0.457214
0.457151
0.457084
0.457041
0.456967
0.456872
0.456816
0.456706
0.456665
0.45663
0.456604
0.456549
0.456539
0.456512
0.456381
0.456321
0.456259
0.4562
0.456118
0.456052
0.455959
0.455877
0.455789
0.455736
0.455664
