0
0.287846
0.392821
0.41384
0.430576
0.442649
0.445473
0.450568
0.451204
0.449052
0.449831
0.448186
0.444192
0.44272
0.44097
0.43804
0.438282
0.440374
0.438521
0.436257
0.435151
0.432944
0.431088
0.42845
0.425333
0.42342
0.421608
0.420212
0.418728
0.417884
0.417742
0.417031
0.416473
0.412482
0.410793
0.41088
0.410906
0.407933
0.40692
0.405933
0.402966
0.401789
0.400698
0.398995
0.398384
0.397189
0.395965
0.39486
0.394203
0.393436
0.392277
0.391849
0.390967
0.389947
0.388624
0.387193
0.386403
0.385993
0.385042
0.384321
0.383324
0.383149
0.382324
0.381823
0.381012
0.381172
0.381356
0.381002
0.381155
0.380263
0.379872
0.379583
0.379615
0.379435
0.378729
0.378378
0.377402
0.376438
0.375727
0.374844
0.374383
0.374983
0.374759
0.374957
0.374954
0.374608
0.374889
0.374198
0.373583
0.372841
0.372524
0.371544
0.371512
0.371342
0.370813
0.370265
0.369632
0.369699
0.369907
0.370303
0.369775
0.369699
0.369582
0.36915
0.368929
0.369024
0.36902
0.368895
0.368909
0.368786
0.367912
0.367389
0.367579
0.367586
0.36749
0.367529
0.367269
0.366916
0.366971
0.366838
0.366574
0.366559
0.366895
0.366778
0.366941
0.366982
0.367024
0.367
0.367082
0.367055
0.366461
0.366388
0.366381
0.366525
0.366238
0.365959
0.364868
0.364713
0.364664
0.364016
0.363725
0.363678
0.363865
0.363845
0.363792
0.363709
0.363922
0.363931
0.363961
0.363837
0.363811
0.363689
0.363522
0.363565
0.363672
0.363614
0.363299
0.36327
0.363199
0.363468
0.363365
0.363177
0.363252
0.363027
0.362927
0.362295
0.361957
0.362017
0.362033
0.361604
0.361651
0.361676
0.361338
0.361304
0.36121
0.360953
0.361031
0.361121
0.361343
0.361296
0.361597
0.361434
0.361513
0.361609
0.361734
0.361579
0.360953
0.360431
0.360441
0.360835
0.360883
0.36078
0.360561
0.36054
0.360462
0.360663
0.360747
0.36085
0.360975
0.361034
0.36082
0.360891
0.35955
0.357855
0.357061
0.356981
0.356683
0.356517
0.356435
0.356481
0.356615
0.356429
0.356379
0.355962
0.355314
0.355174
0.354857
0.354676
0.354496
0.354333
0.354388
0.354256
0.353982
0.354029
0.353763
0.35369
0.353356
0.353233
0.35312
0.352982
0.352732
0.352599
0.352363
0.35211
0.351934
0.3519
0.351595
0.351802
0.351668
0.351422
0.35139
0.351204
0.351087
0.350985
0.350922
0.350891
0.350871
0.350789
0.35089
0.350709
0.350433
0.350506
0.350337
0.350286
0.35002
0.349826
0.349782
0.349922
0.349818
0.349647
0.349721
0.349768
0.349718
0.349497
0.349336
0.348494
0.347252
0.346395
0.34627
0.346087
0.346129
0.345774
0.345719
0.345713
0.345306
0.345156
0.345036
0.344864
0.344811
0.344769
0.344652
0.344568
0.344433
0.344307
0.344169
0.34399
0.343826
0.343586
0.343411
0.34326
0.343144
0.342941
0.342888
0.342948
0.342822
0.342812
0.342851
0.34271
0.342654
0.342538
0.342455
0.342267
0.342145
0.341985
0.34181
0.341755
0.34164
0.341498
0.341589
0.341576
0.341342
0.341114
0.341055
0.340911
0.340905
0.340679
0.340585
0.34053
0.340521
0.340439
0.340421
0.340267
0.34021
0.340134
0.340079
0.339941
0.339992
0.339846
0.339777
0.339686
0.339746
0.33973
0.339666
0.339719
0.339594
0.339553
0.339517
0.339459
0.339477
0.339395
0.339443
0.339466
0.339259
0.339268
0.339321
0.339449
0.339329
0.339353
0.339362
0.33939
0.339485
0.339552
0.33948
0.339522
0.339469
0.339448
0.339418
0.339352
0.339257
0.339151
0.339088
0.339218
0.339167
0.339206
0.339164
0.339108
0.338999
0.33907
0.339073
0.33896
0.339083
0.339076
0.338832
0.338675
0.338729
0.338534
0.33852
0.338451
0.338385
0.338135
0.338107
0.33812
0.338142
0.338155
0.338153
0.338155
0.338189
0.338256
0.338378
0.338369
0.338248
0.338252
0.338199
0.338247
0.337927
0.337884
0.337808
0.337819
0.337836
0.337872
0.337836
0.337766
0.337671
0.337602
0.33777
0.337888
0.33784
0.33774
0.3377
0.33766
0.337554
0.337584
0.337588
0.337643
0.337618
0.337626
0.337592
0.337549
0.337487
0.337519
0.337533
0.33756
0.337585
0.337581
0.337533
0.337557
0.337647
0.337625
0.33752
0.337474
0.337528
0.337562
0.337585
0.337578
0.337699
0.337748
0.33772
0.337796
0.337603
0.337495
0.337508
0.337476
0.337542
0.337557
0.337654
0.337718
0.337728
0.337743
0.337751
0.337828
0.337823
0.337833
0.337836
0.337835
0.337753
0.337764
0.337791
0.337831
0.33789
0.337826
0.337286
0.337306
0.337244
0.337256
0.337192
0.337153
0.337095
0.336799
0.336834
0.336743
0.336642
0.336599
0.336443
0.336472
0.33648
0.336484
0.336457
0.336388
0.336405
0.336366
0.336502
0.336454
0.336474
0.336489
0.336483
0.336507
0.336522
0.336497
0.336437
0.336487
0.33649
0.336506
0.336295
0.33609
0.336121
0.336117
0.336034
0.336083
0.336089
0.336046
0.336068
0.336054
0.335893
0.335839
0.335838
0.335784
0.335771
0.335761
0.335692
0.335761
0.33584
0.335831
0.335785
0.335742
0.335758
0.335774
0.33582
0.335818
0.335829
0.335731
0.335721
0.335843
0.335881
0.335887
0.335911
0.33587
0.335846
0.335858
0.33593
0.335959
0.336102
0.336032
0.335816
0.335718
0.335521
0.33546
0.335465
0.335417
0.335183
0.3352
0.335162
0.335142
0.335058
0.335092
0.335101
0.335034
0.33502
0.335041
0.335081
0.335019
0.335048
0.335007
0.335058
0.335067
0.334952
0.334949
0.334597
0.33452
0.334431
0.334421
0.334384
0.334314
0.334233
0.334168
0.334198
0.334284
0.334251
0.334148
0.334192
0.334124
0.334158
0.334135
0.334089
0.334075
0.334091
0.334156
0.334221
0.334201
0.334155
0.33413
0.334173
0.334258
0.334305
0.334284
0.334317
0.334315
0.334356
0.334389
0.334391
0.334389
0.334391
0.33444
0.334396
0.334398
0.334362
0.334351
0.334314
0.334279
0.334231
0.334246
0.334238
0.334248
0.334184
0.334166
0.334129
0.334054
0.334097
0.334107
0.334151
0.334052
0.334108
0.334152
0.334128
0.334093
0.334064
0.334
0.333965
0.333987
0.33404
0.334055
0.33412
0.334122
0.334157
0.334212
0.334218
0.334201
0.334279
0.334212
0.334268
0.334306
0.334207
0.334243
0.334217
0.334245
0.334137
0.334133
0.334156
0.334164
0.33414
0.334092
0.334111
0.334116
0.33413
0.334209
0.334203
0.334197
0.334155
0.334198
0.334247
0.334229
0.334206
0.334197
0.334207
0.334202
0.334215
0.334144
0.334224
0.334226
0.334277
0.334271
0.334293
0.33439
0.334332
0.334255
0.334249
0.334287
0.334291
0.334266
0.334256
0.334303
0.334232
0.334195
0.334193
0.33428
0.334249
0.334276
0.334286
0.334323
0.334402
0.334484
0.334536
0.334529
0.334518
0.334525
0.334524
0.334513
0.334506
0.334473
0.334538
0.334538
0.334564
0.334565
0.334549
0.334491
0.334479
0.334509
0.334486
0.334507
0.334471
0.334558
0.334599
0.334614
0.334669
0.33467
0.334689
0.334714
0.33477
0.334779
0.334797
0.334774
0.334773
0.334782
0.334743
0.334759
0.334715
0.334726
0.334756
0.334763
0.334835
0.334816
0.334853
0.334883
0.334925
0.33488
0.33485
0.334898
0.334946
0.334939
0.334934
0.334956
0.334958
0.335007
0.335031
0.335081
0.335027
0.335039
0.33513
0.335081
0.335095
0.335137
0.335064
0.335022
0.335053
0.335008
0.334991
0.335071
0.335102
0.335137
0.335142
0.335126
0.335172
0.335202
0.335203
0.335245
0.335211
0.335237
0.335306
0.335261
0.335305
0.335324
0.335336
0.33545
0.335435
0.335436
0.335302
0.335328
0.335326
0.335401
0.335447
0.33548
0.335482
0.335514
0.335508
0.335527
0.335533
0.335541
0.335587
0.335615
0.335626
0.335606
0.335565
0.335652
0.335632
0.335669
0.335673
0.335709
0.335707
0.335759
0.335802
0.335782
0.335713
0.335736
0.335786
0.335825
0.335777
0.335786
0.335776
0.335767
0.335774
0.33584
0.335806
0.335811
0.335843
0.335624
0.33564
0.335597
0.335642
0.335689
0.3357
0.335704
0.33577
0.335827
0.335855
0.335881
0.335933
0.335953
0.335992
0.335998
0.336063
0.335763
0.335746
0.335771
0.335735
0.335813
0.335849
0.335816
0.335799
0.335796
0.335797
0.335813
0.335755
0.335647
0.335589
0.335608
0.335608
0.335681
0.335688
0.335675
0.335678
0.335674
0.335665
0.335694
0.335705
0.335704
0.335693
0.33567
0.335636
0.335676
0.335765
0.335719
0.335807
0.335845
0.335841
0.33585
0.335865
0.335853
0.335788
0.335816
0.335829
0.335831
0.33595
0.335877
0.335899
0.335945
0.335964
0.336002
0.336006
0.336067
0.336071
0.33611
0.336171
0.336229
0.336244
0.33622
0.336071
0.336016
0.335988
0.336048
0.336056
0.33611
0.336158
0.336253
0.336156
0.335753
0.33541
0.335021
0.334949
0.33499
0.334958
0.334963
0.334974
0.334982
0.334968
0.334985
0.335008
0.335035
0.335023
0.335068
0.335159
0.335113
0.335067
0.335051
0.335051
0.335072
0.335072
0.335051
0.335056
0.335083
0.335044
0.335015
0.335018
0.335022
0.335004
0.334991
0.334985
0.33495
0.334956
0.334917
0.334916
0.334955
0.334991
0.334992
0.334994
0.334961
0.334904
0.334917
0.334927
0.335022
0.335048
0.335043
0.335049
0.335048
0.334941
0.334976
0.334971
0.334973
0.335004
0.335004
0.335007
0.335033
0.335046
0.334998
0.335011
0.335017
0.335012
0.335019
0.335025
0.335044
0.334952
0.334924
0.334943
0.334936
0.334916
0.334935
0.33496
0.334928
0.334941
0.334968
0.335005
0.335012
0.334986
0.334966
0.335028
0.33503
0.335062
0.335049
0.335047
0.335014
0.334983
0.334968
0.335006
0.335007
0.335051
0.33504
0.335055
0.335053
0.335074
0.335047
0.335096
0.335112
0.335161
0.335184
0.335225
0.335209
0.335229
0.33523
0.335212
0.335291
0.335335
0.33533
0.335358
0.335355
0.335348
0.335335
0.335333
0.335366
0.335365
0.335357
0.335401
0.335392
0.335331
