0
0.499058
0.534634
0.53211
0.537656
0.54933
0.555481
0.553161
0.555751
0.559337
0.558486
0.559252
0.554881
0.551648
0.550144
0.547594
0.545232
0.545729
0.544405
0.54359
0.540606
0.535871
0.535595
0.533398
0.53054
0.528815
0.524628
0.521723
0.520599
0.518784
0.517386
0.515559
0.515184
0.511808
0.510133
0.509335
0.50691
0.504711
0.502272
0.500989
0.497229
0.495985
0.494503
0.493267
0.49263
0.490518
0.48943
0.48759
0.485902
0.484816
0.483691
0.483442
0.48197
0.480985
0.480428
0.479527
0.478758
0.479055
0.477925
0.477314
0.477187
0.476689
0.476975
0.47602
0.475463
0.475591
0.475412
0.475801
0.475338
0.474784
0.474895
0.474392
0.474234
0.47402
0.473486
0.473416
0.472159
0.471146
0.470758
0.470137
0.469976
0.46931
0.469044
0.46899
0.468916
0.468799
0.468592
0.468443
0.46815
0.467737
0.467179
0.465727
0.465196
0.464927
0.464607
0.464521
0.464082
0.463778
0.464169
0.464207
0.463812
0.463844
0.464399
0.464259
0.46425
0.463754
0.463164
0.462888
0.463142
0.462865
0.462528
0.462408
0.461817
0.461674
0.462134
0.461538
0.461355
0.46154
0.46155
0.461404
0.46114
0.461068
0.460775
0.460625
0.460647
0.460338
0.459974
0.459718
0.45981
0.459714
0.459781
0.459567
0.459429
0.459473
0.459266
0.458883
0.457442
0.456701
0.456659
0.455368
0.454808
0.454787
0.454586
0.454531
0.45447
0.454476
0.454641
0.454383
0.454503
0.454467
0.45414
0.453893
0.454033
0.454139
0.453944
0.453642
0.453646
0.453589
0.453662
0.453563
0.453304
0.453254
0.452993
0.452804
0.45242
0.451714
0.451796
0.45172
0.451551
0.45145
0.451727
0.451878
0.451581
0.451864
0.45203
0.452013
0.451852
0.451752
0.451932
0.451746
0.451655
0.451589
0.451538
0.451521
0.451746
0.451585
0.451304
0.450624
0.450675
0.450668
0.450672
0.450536
0.450344
0.450223
0.450273
0.45069
0.450901
0.451169
0.451288
0.45146
0.451605
0.451718
0.45051
0.448404
0.447407
0.446991
0.447019
0.446704
0.446506
0.446295
0.446142
0.4458
0.44592
0.445727
0.444784
0.444697
0.444623
0.444579
0.444341
0.444048
0.443911
0.443835
0.443536
0.443275
0.443028
0.44292
0.442922
0.442772
0.442424
0.442379
0.442151
0.441923
0.441823
0.441569
0.441327
0.44124
0.441059
0.440953
0.440816
0.440632
0.440756
0.440869
0.440807
0.440683
0.44042
0.440134
0.43986
0.439675
0.439647
0.439595
0.439558
0.439278
0.438984
0.438922
0.438715
0.438723
0.438652
0.438697
0.438574
0.438537
0.438464
0.438341
0.438085
0.438004
0.438029
0.437169
0.435674
0.43458
0.434367
0.43404
0.433984
0.433865
0.433566
0.433616
0.433553
0.433245
0.433189
0.432893
0.432585
0.43241
0.432212
0.432064
0.4319
0.431718
0.431501
0.43121
0.431036
0.430771
0.430776
0.430661
0.430561
0.430355
0.43021
0.430222
0.43015
0.429849
0.429742
0.429633
0.429601
0.429715
0.429569
0.429488
0.429273
0.429168
0.428995
0.428957
0.429014
0.428832
0.42864
0.428474
0.428088
0.427942
0.427857
0.427778
0.427637
0.427529
0.427335
0.427271
0.427148
0.427266
0.427179
0.427393
0.427336
0.427274
0.427268
0.427311
0.427223
0.427032
0.427047
0.427021
0.426996
0.427036
0.427006
0.426893
0.426664
0.42661
0.426649
0.426532
0.426498
0.426563
0.426631
0.426519
0.426418
0.426487
0.426437
0.426212
0.426235
0.426168
0.426161
0.426036
0.425975
0.42599
0.426022
0.425869
0.425815
0.425814
0.425729
0.425637
0.425651
0.425771
0.425705
0.425885
0.425843
0.425802
0.425846
0.425732
0.425776
0.425797
0.425873
0.425953
0.426059
0.426037
0.425756
0.425488
0.425403
0.425287
0.425226
0.425196
0.42519
0.424948
0.424962
0.424927
0.425068
0.424994
0.424931
0.424865
0.424844
0.424865
0.424786
0.424692
0.424674
0.424719
0.424608
0.424688
0.42422
0.42418
0.42418
0.424194
0.424051
0.424023
0.424065
0.423946
0.423931
0.423948
0.424058
0.423973
0.423956
0.423996
0.423986
0.42391
0.423988
0.423991
0.423998
0.423905
0.423963
0.423928
0.423964
0.423987
0.423951
0.423936
0.423953
0.424002
0.42399
0.424023
0.424
0.42394
0.423886
0.42386
0.423803
0.423751
0.423743
0.423715
0.423715
0.423795
0.423829
0.423814
0.423744
0.4237
0.423673
0.423542
0.423453
0.423362
0.423382
0.4233
0.42324
0.423127
0.422951
0.422806
0.422894
0.423027
0.422977
0.422995
0.42298
0.422984
0.423068
0.423124
0.42311
0.423141
0.423196
0.423213
0.422696
0.422696
0.422643
0.422691
0.42259
0.422684
0.422704
0.42256
0.422493
0.422512
0.422463
0.422465
0.422353
0.422393
0.422484
0.422554
0.422552
0.422581
0.422634
0.422684
0.422777
0.422829
0.422853
0.4229
0.422962
0.422913
0.42284
0.422897
0.422914
0.422975
0.423001
0.42295
0.422758
0.422512
0.422545
0.422553
0.42256
0.422559
0.422514
0.422419
0.422473
0.422555
0.422434
0.42247
0.422497
0.422442
0.42234
0.422294
0.422269
0.422287
0.42223
0.422218
0.422153
0.422197
0.422153
0.422096
0.422098
0.422052
0.422051
0.422074
0.422124
0.422204
0.422243
0.422235
0.422211
0.422326
0.422411
0.422384
0.422341
0.422408
0.422488
0.422556
0.422429
0.422341
0.422048
0.421976
0.42196
0.422014
0.421796
0.421758
0.421794
0.421671
0.42164
0.421598
0.421564
0.421396
0.421371
0.421363
0.42131
0.421321
0.421344
0.421349
0.421403
0.421385
0.421218
0.421287
0.4209
0.42088
0.420854
0.42085
0.420825
0.420853
0.420874
0.420828
0.420805
0.420821
0.420797
0.420825
0.420744
0.420744
0.42068
0.420692
0.420679
0.420645
0.420563
0.420543
0.420498
0.420468
0.420515
0.420523
0.42056
0.420494
0.420502
0.420513
0.420554
0.420563
0.420553
0.420559
0.420576
0.420519
0.420491
0.420522
0.42049
0.420473
0.420438
0.420425
0.420403
0.420436
0.420459
0.420497
0.420558
0.420548
0.420579
0.420488
0.420531
0.4204
0.420416
0.420402
0.420382
0.420312
0.420272
0.420304
0.420287
0.420295
0.420278
0.420259
0.420252
0.420277
0.420312
0.420369
0.420354
0.420339
0.420327
0.42031
0.420328
0.420322
0.420276
0.42026
0.420284
0.420348
0.420298
0.420283
0.420319
0.420348
0.420381
0.420363
0.420444
0.420439
0.420437
0.420464
0.420486
0.420512
0.420527
0.420541
0.420657
0.420694
0.420687
0.420715
0.420717
0.420709
0.420743
0.420785
0.420752
0.420793
0.420796
0.420832
0.420837
0.420849
0.42089
0.421015
0.420927
0.420982
0.421007
0.421099
0.421163
0.421138
0.421131
0.421163
0.421204
0.421178
0.421159
0.42127
0.421274
0.421304
0.421346
0.421405
0.421427
0.421474
0.421504
0.421478
0.421442
0.421419
0.421377
0.421369
0.421395
0.421385
0.421353
0.421373
0.421413
0.421441
0.421413
0.421476
0.421518
0.421514
0.421503
0.421509
0.421456
0.421527
0.421452
0.421454
0.421441
0.421456
0.421543
0.42148
0.421487
0.421507
0.421541
0.42156
0.42151
0.421604
0.421648
0.421646
0.42161
0.421571
0.421558
0.421603
0.421606
0.421653
0.421703
0.421712
0.421787
0.421806
0.421819
0.421852
0.421882
0.421912
0.421964
0.422049
0.422027
0.421989
0.421977
0.42202
0.422041
0.422051
0.422011
0.422075
0.422093
0.422143
0.422166
0.422162
0.422168
0.422111
0.422098
0.422104
0.422034
0.422102
0.422093
0.422076
0.422107
0.422209
0.42219
0.422202
0.422232
0.422266
0.422239
0.422207
0.422243
0.42223
0.422291
0.422278
0.422253
0.422258
0.422262
0.422339
0.422316
0.422377
0.422294
0.422327
0.422347
0.422313
0.422276
0.422291
0.422317
0.422337
0.422368
0.422394
0.422433
0.422508
0.422507
0.422531
0.422478
0.422505
0.422513
0.422452
0.422411
0.422473
0.422464
0.422478
0.422433
0.422473
0.42245
0.422457
0.422498
0.422485
0.422598
0.422612
0.422599
0.422573
0.422598
0.422645
0.422619
0.422697
0.422692
0.422452
0.422452
0.422463
0.42256
0.422575
0.422558
0.422642
0.422671
0.422696
0.422714
0.422773
0.422746
0.4227
0.422679
0.422727
0.422717
0.422407
0.42239
0.422483
0.422499
0.422486
0.42254
0.422488
0.422547
0.422524
0.422513
0.42257
0.422591
0.422565
0.42256
0.422536
0.422542
0.422604
0.422569
0.422532
0.422523
0.422556
0.422537
0.422532
0.422517
0.422597
0.422588
0.422653
0.422601
0.422565
0.422592
0.422592
0.422639
0.422632
0.422723
0.422722
0.422732
0.422727
0.42272
0.422692
0.422701
0.422768
0.422761
0.422672
0.422654
0.42267
0.422691
0.422697
0.422694
0.422714
0.422764
0.422784
0.42281
0.422757
0.422743
0.422749
0.422622
0.422624
0.422632
0.422644
0.422742
0.422788
0.422808
0.422881
0.42272
0.422329
0.421861
0.421444
0.421411
0.421379
0.421387
0.421375
0.421362
0.421378
0.421396
0.421355
0.421406
0.421344
0.421321
0.421286
0.421316
0.42128
0.421263
0.421236
0.42125
0.421221
0.42127
0.421265
0.421263
0.421233
0.421267
0.421233
0.421244
0.42123
0.421256
0.421308
0.421354
0.421353
0.421401
0.421415
0.421417
0.421435
0.421467
0.421462
0.421523
0.421532
0.421499
0.421554
0.421525
0.42156
0.421582
0.421601
0.421595
0.42162
0.421527
0.42152
0.421537
0.421564
0.421575
0.421566
0.421566
0.421559
0.42158
0.421602
0.421648
0.421674
0.421693
0.421685
0.421691
0.421723
0.421674
0.421706
0.421721
0.421736
0.421751
0.421788
0.421784
0.421742
0.42174
0.421736
0.421729
0.421744
0.42167
0.421663
0.421679
0.421708
0.421684
0.421691
0.42171
0.421642
0.421643
0.421658
0.421699
0.421644
0.421662
0.421665
0.421663
0.421681
0.421623
0.421589
0.42158
0.421572
0.421601
0.421622
0.421595
0.421555
0.421573
0.421553
0.421627
0.421634
0.421647
0.421657
0.421625
0.421606
0.42156
0.421576
0.421582
0.421552
0.421547
0.421562
0.421569
0.42161
0.421606
