0.787425
0.801762
0.806232
0.807043
0.81342
0.812438
0.816361
0.814773
0.815851
0.817227
0.804623
0.79388
0.781352
0.771869
0.76668
0.761779
0.757679
0.752527
0.748482
0.746691
0.738884
0.729902
0.720773
0.714648
0.708728
0.703847
0.696864
0.691509
0.688094
0.68333
0.676611
0.668681
0.663095
0.6571
0.650655
0.644907
0.640448
0.636277
0.631652
0.62654
0.620781
0.613509
0.60912
0.604887
0.600643
0.596135
0.591936
0.58648
0.582545
0.578665
0.573991
0.569562
0.565624
0.561786
0.557812
0.554525
0.551277
0.546938
0.54334
0.539648
0.536656
0.533162
0.529799
0.526091
0.522856
0.519612
0.51624
0.513609
0.511305
0.50824
0.505462
0.502442
0.500309
0.498013
0.495267
0.493695
0.491718
0.490317
0.488488
0.486515
0.484513
0.483512
0.482988
0.482481
0.481088
0.479996
0.479433
0.477901
0.476101
0.474844
0.474845
0.474534
0.474045
0.473882
0.473225
0.472952
0.472867
0.472952
0.472627
0.472526
0.472251
0.472021
0.471481
0.471517
0.470907
0.470051
0.469859
0.470009
0.469992
0.469439
0.469169
0.469354
0.469552
0.469167
0.469199
0.468773
0.468901
0.468923
0.468835
0.469035
0.469031
0.468837
0.468301
0.468058
0.467525
0.465813
0.465207
0.464794
0.46352
0.46285
0.463138
0.463066
0.463177
0.463439
0.463167
0.463372
0.46404
0.463795
0.463733
0.463873
0.463754
0.464239
0.464425
0.464571
0.464685
0.464824
0.46472
0.464609
0.465062
0.465409
0.465231
0.465232
0.465531
0.46546
0.464879
0.464911
0.46508
0.465286
0.465347
0.465565
0.465965
0.465836
0.466133
0.466221
0.466062
0.466068
0.466253
0.466363
0.466615
0.466724
0.466666
0.466643
0.466913
0.466973
0.466871
0.466475
0.466175
0.466585
0.466931
0.466874
0.467043
0.467121
0.467419
0.467696
0.467897
0.467892
0.468036
0.46832
0.468427
0.468576
0.468619
0.46699
0.464655
0.463833
0.463816
0.463704
0.463711
0.463447
0.463803
0.463888
0.463911
0.46389
0.463911
0.462858
0.463139
0.463075
0.463318
0.463293
0.463162
0.463247
0.46333
0.463424
0.463658
0.463706
0.463763
0.463749
0.463883
0.464009
0.46415
0.464084
0.464073
0.464103
0.463943
0.463848
0.463871
0.464071
0.464166
0.464091
0.4639
0.46393
0.464187
0.464255
0.464361
0.464338
0.464232
0.464376
0.464208
0.464228
0.464297
0.464355
0.464408
0.464179
0.464345
0.464516
0.464405
0.464349
0.464299
0.46438
0.464436
0.46453
0.46449
0.464436
0.464516
0.464549
0.463175
0.46152
0.460272
0.460509
0.460594
0.460739
0.460768
0.460913
0.460998
0.461371
0.461647
0.461673
0.461528
0.461607
0.461637
0.461515
0.461584
0.461478
0.461507
0.461722
0.461708
0.461679
0.461741
0.461895
0.46202
0.461947
0.461944
0.461904
0.461888
0.461999
0.462071
0.46226
0.462435
0.462533
0.462746
0.462706
0.462817
0.46288
0.462824
0.462709
0.462855
0.463041
0.462983
0.463126
0.463366
0.463313
0.463295
0.463192
0.463213
0.463194
0.463212
0.463177
0.46325
0.463368
0.463276
0.463421
0.463458
0.463516
0.463489
0.463599
0.463412
0.463302
0.463226
0.463198
0.463143
0.463231
0.463221
0.463109
0.463042
0.462979
0.463
0.462965
0.463019
0.463087
0.463226
0.463203
0.463287
0.46334
0.463305
0.463404
0.463461
0.463517
0.463543
0.463663
0.46357
0.463708
0.463898
0.463975
0.464029
0.464023
0.463867
0.46391
0.464084
0.464203
0.464417
0.464546
0.46461
0.464696
0.464817
0.464755
0.464723
0.464671
0.464574
0.464651
0.464727
0.464896
0.464919
0.464758
0.464467
0.464513
0.464351
0.464525
0.464538
0.464596
0.464398
0.46447
0.464588
0.464638
0.464609
0.464789
0.464756
0.464653
0.464736
0.464814
0.464997
0.464936
0.465055
0.465069
0.465217
0.464652
0.464671
0.464714
0.464828
0.464918
0.4651
0.465137
0.465122
0.465203
0.465318
0.465437
0.465445
0.465444
0.465452
0.465547
0.465551
0.465571
0.465709
0.465744
0.465834
0.465908
0.465959
0.466087
0.466156
0.466207
0.466306
0.466443
0.46659
0.466626
0.466693
0.466752
0.466763
0.466848
0.466977
0.467062
0.467073
0.467189
0.467229
0.467312
0.467242
0.467352
0.467607
0.467621
0.467634
0.467493
0.467548
0.467622
0.467639
0.467636
0.467732
0.467714
0.467786
0.467947
0.468046
0.468208
0.468343
0.468352
0.46848
0.468447
0.468374
0.468359
0.46838
0.468381
0.468357
0.468382
0.468502
0.46787
0.467664
0.467478
0.467397
0.467325
0.467267
0.467228
0.466873
0.466705
0.466604
0.466404
0.466359
0.466329
0.466202
0.466198
0.466069
0.46602
0.466001
0.465923
0.465968
0.465951
0.465906
0.465876
0.465722
0.465656
0.465586
0.465429
0.465388
0.46521
0.465218
0.465287
0.465086
0.464838
0.464608
0.464597
0.46452
0.46444
0.464302
0.464272
0.464196
0.464206
0.464126
0.463925
0.463924
0.46387
0.463805
0.463698
0.46373
0.463619
0.463554
0.463461
0.463346
0.463305
0.463273
0.463278
0.463184
0.463127
0.46302
0.462905
0.462825
0.462821
0.462777
0.46279
0.462701
0.462579
0.462524
0.462449
0.462339
0.46216
0.46207
0.46203
0.461981
0.4617
0.461655
0.461315
0.461122
0.461088
0.460926
0.460646
0.460643
0.460559
0.460411
0.460337
0.460343
0.46024
0.460085
0.460091
0.460162
0.460207
0.460193
0.46013
0.460057
0.460031
0.459964
0.459806
0.459806
0.459299
0.459123
0.459088
0.459081
0.4591
0.459279
0.459366
0.459366
0.459511
0.459569
0.459613
0.459738
0.459772
0.459935
0.460019
0.460063
0.460161
0.460291
0.460364
0.460353
0.460469
0.460471
0.460522
0.460616
0.460574
0.460585
0.46065
0.460766
0.460833
0.460889
0.460968
0.461055
0.46112
0.461301
0.461399
0.46151
0.461652
0.461743
0.461817
0.461964
0.462041
0.462139
0.462167
0.462197
0.462224
0.462324
0.462399
0.462408
0.462493
0.462473
0.462562
0.462644
0.462703
0.462686
0.462786
0.462835
0.462865
0.46303
0.463111
0.463111
0.463047
0.463012
0.463182
0.463195
0.463284
0.463342
0.463475
0.463547
0.463648
0.463734
0.463787
0.4639
0.464063
0.464157
0.464169
0.464287
0.464237
0.464298
0.464344
0.464347
0.464364
0.464437
0.464507
0.464615
0.464584
0.464698
0.464779
0.464846
0.464856
0.46485
0.464879
0.464914
0.464979
0.465016
0.465072
0.465123
0.46516
0.465241
0.465234
0.4653
0.465395
0.465444
0.465489
0.465564
0.465674
0.465747
0.46584
0.465874
0.465934
0.46598
0.465958
0.466035
0.466061
0.466084
0.466136
0.466198
0.466273
0.466312
0.466303
0.466335
0.466407
0.466375
0.46647
0.466562
0.466536
0.466578
0.466635
0.466683
0.466759
0.466814
0.466789
0.466838
0.46691
0.466901
0.466903
0.466958
0.466978
0.466933
0.466969
0.467051
0.467074
0.467134
0.467238
0.467299
0.467329
0.467362
0.467354
0.467319
0.467285
0.467397
0.467463
0.467511
0.467546
0.467548
0.467573
0.467617
0.467571
0.467671
0.467581
0.467564
0.467596
0.467618
0.467613
0.467673
0.467764
0.467836
0.467817
0.467813
0.467859
0.467916
0.467994
0.46802
0.46806
0.46813
0.468103
0.468123
0.468147
0.468229
0.468335
0.468388
0.468427
0.468424
0.468471
0.46856
0.468612
0.468557
0.468627
0.468609
0.468505
0.468573
0.468619
0.468656
0.468639
0.468712
0.468627
0.468732
0.468738
0.468698
0.468742
0.468781
0.468835
0.468823
0.468848
0.468813
0.468822
0.468866
0.468909
0.468933
0.468889
0.468914
0.468816
0.468837
0.46879
0.468789
0.468808
0.468803
0.468881
0.468889
0.468856
0.468891
0.468886
0.468897
0.46887
0.468867
0.468911
0.468913
0.468868
0.468886
0.468867
0.468846
0.468912
0.469022
0.46899
0.469045
0.469083
0.469055
0.469116
0.469163
0.469229
0.469191
0.469144
0.469079
0.469105
0.469091
0.469098
0.469151
0.469142
0.468813
0.468872
0.468876
0.468937
0.468957
0.469015
0.469049
0.469072
0.469071
0.469087
0.469114
0.469139
0.469118
0.469134
0.469151
0.469157
0.468715
0.468648
0.468651
0.468627
0.468606
0.468584
0.46854
0.468536
0.468416
0.468391
0.468394
0.468474
0.468369
0.468248
0.468193
0.468201
0.468217
0.468214
0.468126
0.468157
0.468192
0.46815
0.46819
0.468224
0.468217
0.468204
0.468165
0.468093
0.468103
0.468121
0.46812
0.468141
0.468137
0.468151
0.468225
0.468196
0.468223
0.468184
0.468165
0.468125
0.468105
0.468137
0.468088
0.468172
0.468191
0.468193
0.468183
0.46821
0.468205
0.468149
0.468154
0.468164
0.468128
0.468148
0.46821
0.46808
0.468068
0.468102
0.468179
0.468171
0.4682
0.468254
0.468226
0.468056
0.467536
0.466974
0.466485
0.466494
0.466528
0.466607
0.466623
0.466638
0.466652
0.4667
0.466739
0.466764
0.466799
0.466816
0.46683
0.466861
0.466875
0.466905
0.466884
0.466892
0.466916
0.466887
0.466918
0.467005
0.466947
0.466936
0.466975
0.466944
0.466951
0.466945
0.466996
0.466992
0.467011
0.467031
0.467072
0.467128
0.467128
0.467194
0.467175
0.467246
0.467228
0.467139
0.467168
0.467201
0.46721
0.467199
0.467184
0.467233
0.467262
0.467089
0.467051
0.467126
0.46714
0.46718
0.46718
0.467189
0.467179
0.467236
0.467162
0.467174
0.467227
0.467263
0.467298
0.467331
0.467348
0.467256
0.46726
0.46724
0.467185
0.46718
0.467237
0.467302
0.4673
0.467334
0.467323
0.467337
0.467399
0.467376
0.467352
0.46736
0.467383
0.467413
0.467396
0.467443
0.467381
0.46739
0.46739
0.467435
0.467396
0.467392
0.467447
0.467435
0.467454
0.46746
0.467451
0.467446
0.467445
0.467428
0.467512
0.467489
0.467534
0.467564
0.467588
0.467583
0.46758
0.467595
0.467574
0.467537
0.467567
0.467464
0.467481
0.467524
0.467561
0.467558
0.467583
0.467623
0.467654
0.467666
