0
0.220472
0.280355
0.31659
0.345374
0.359344
0.368492
0.375798
0.384517
0.388826
0.391533
0.383929
0.380246
0.377661
0.373739
0.367973
0.364267
0.362423
0.359937
0.359819
0.358885
0.357798
0.355993
0.356427
0.355114
0.354278
0.355675
0.356771
0.356278
0.35485
0.355189
0.354774
0.352855
0.353076
0.353364
0.353305
0.354415
0.355155
0.356209
0.356357
0.356461
0.357731
0.357431
0.358319
0.359524
0.359237
0.35963
0.358942
0.358857
0.359037
0.359867
0.359756
0.360362
0.359818
0.3603
0.360743
0.361168
0.361125
0.361197
0.361651
0.362421
0.362676
0.363693
0.363536
0.362603
0.363157
0.363602
0.364239
0.365052
0.365162
0.365708
0.365563
0.365629
0.365551
0.365497
0.365808
0.366379
0.36687
0.366997
0.367124
0.367795
0.368075
0.368226
0.368092
0.368076
0.368444
0.369242
0.369338
0.369871
0.369943
0.370985
0.37125
0.371221
0.371422
0.372229
0.371973
0.372083
0.372284
0.372492
0.373252
0.37375
0.373846
0.373746
0.374027
0.374146
0.374517
0.374275
0.374178
0.37453
0.375013
0.375228
0.375181
0.375208
0.37532
0.375422
0.375543
0.375922
0.375905
0.376126
0.376138
0.376192
0.376458
0.37651
0.376589
0.377246
0.377376
0.377586
0.377742
0.378102
0.377952
0.378152
0.378672
0.379041
0.379103
0.379177
0.379347
0.379616
0.380231
0.380549
0.381107
0.381242
0.381449
0.381774
0.382016
0.382031
0.382131
0.382307
0.382649
0.382706
0.383033
0.382966
0.383139
0.383316
0.383716
0.383686
0.383883
0.383972
0.384217
0.3841
0.384286
0.384298
0.384429
0.38452
0.384839
0.384891
0.385359
0.385493
0.385593
0.385631
0.385659
0.385455
0.385411
0.385598
0.385906
0.385878
0.386171
0.386449
0.386376
0.386295
0.386555
0.386868
0.38678
0.386875
0.386802
0.387093
0.387345
0.387944
0.387991
0.388201
0.388593
0.388721
0.388843
0.388876
0.388622
0.38877
0.388959
0.389187
0.389043
0.388987
0.388909
0.389228
0.389618
0.38984
0.390067
0.390233
0.390269
0.390631
0.390893
0.390942
0.391078
0.391162
0.391208
0.391273
0.39127
0.391459
0.39145
0.391643
0.391588
0.391803
0.391936
0.392017
0.392068
0.392188
0.392528
0.392776
0.392997
0.393226
0.393224
0.393353
0.393485
0.393672
0.393888
0.393842
0.393719
0.393747
0.393819
0.39382
0.393838
0.394142
0.394215
0.394512
0.394563
0.393912
0.393466
0.393579
0.393691
0.393671
0.393883
0.392527
0.391011
0.390975
0.390731
0.390782
0.390573
0.390532
0.39049
0.390493
0.390391
0.390475
0.390621
0.390594
0.390648
0.390754
0.39077
0.390854
0.391025
0.391132
0.390969
0.39102
0.391095
0.391231
0.391172
0.391241
0.391261
0.391099
0.391008
0.391136
0.391166
0.391237
0.391137
0.391231
0.391329
0.391347
0.391245
0.391228
0.391211
0.390988
0.390972
0.391067
0.391138
0.390885
0.390875
0.390952
0.390994
0.390942
0.39101
0.39097
0.390762
0.390786
0.390757
0.390702
0.390377
0.390409
0.390508
0.390341
0.390404
0.390471
0.39047
0.390358
0.390315
0.390194
0.390093
0.390048
0.390009
0.390122
0.390136
0.389957
0.389971
0.390122
0.390151
0.39018
0.390183
0.390218
0.390263
0.390145
0.390161
0.389766
0.388789
0.388827
0.388963
0.38882
0.388597
0.388586
0.388573
0.388435
0.388357
0.388292
0.388215
0.388218
0.388209
0.388217
0.38833
0.388251
0.388286
0.388194
0.38825
0.388226
0.388216
0.388319
0.388323
0.388217
0.388099
0.388114
0.387921
0.387925
0.387997
0.387964
0.388111
0.38815
0.388222
0.388187
0.388264
0.388181
0.388089
0.388103
0.388072
0.387614
0.387327
0.387306
0.387247
0.387242
0.387325
0.387284
0.387143
0.387152
0.387091
0.387061
0.387222
0.387306
0.387347
0.387309
0.387415
0.387395
0.387468
0.387458
0.387492
0.387461
0.387353
0.387323
0.387445
0.387531
0.387589
0.387519
0.387383
0.387364
0.387269
0.387228
0.387255
0.387279
0.387153
0.387183
0.387295
0.387329
0.38737
0.387135
0.387224
0.387216
0.387171
0.387203
0.387292
0.387225
0.38719
0.387176
0.387093
0.387166
0.387116
0.387183
0.387217
0.387088
0.38713
0.387169
0.387144
0.387243
0.387302
0.387223
0.387352
0.387196
0.387086
0.387067
0.387052
0.387006
0.386997
0.386892
0.386883
0.386805
0.386733
0.38675
0.386847
0.386904
0.38688
0.386794
0.386749
0.386695
0.386696
0.386689
0.386768
0.386748
0.386866
0.386909
0.386925
0.386983
0.387135
0.387176
0.387142
0.387159
0.387177
0.387181
0.387237
0.387179
0.387193
0.387127
0.38717
0.387067
0.387121
0.38719
0.38722
0.387312
0.387349
0.387326
0.387396
0.387404
0.387512
0.38746
0.387577
0.387674
0.387667
0.387613
0.387725
0.387839
0.387838
0.387869
0.387919
0.387885
0.387893
0.387781
0.387787
0.387747
0.387815
0.387735
0.387662
0.38776
0.387714
0.387686
0.387656
0.387586
0.387719
0.387715
0.387745
0.387789
0.387785
0.387879
0.387891
0.387855
0.387812
0.387816
0.387859
0.387914
0.387977
0.388039
0.387928
0.387899
0.387973
0.387977
0.388106
0.388197
0.388148
0.388184
0.388067
0.388155
0.388128
0.388129
0.388289
0.388289
0.388333
0.388381
0.388423
0.388424
0.388459
0.388485
0.388566
0.388652
0.388601
0.388674
0.388709
0.388763
0.388867
0.38889
0.388833
0.388851
0.388985
0.388933
0.388987
0.389054
0.389075
0.38904
0.388788
0.388498
0.38862
0.388646
0.388675
0.388746
0.388704
0.388687
0.388676
0.38868
0.388736
0.388755
0.388816
0.38888
0.388851
0.388886
0.388911
0.388903
0.388886
0.389001
0.389059
0.389058
0.389082
0.389046
0.389051
0.389092
0.389213
0.38918
0.389178
0.389125
0.389115
0.388906
0.388934
0.389004
0.388964
0.389026
0.389004
0.388966
0.389116
0.38909
0.389089
0.389122
0.389138
0.38918
0.389149
0.389246
0.389177
0.389281
0.389402
0.389404
0.389415
0.389351
0.389403
0.389422
0.389459
0.38946
0.389534
0.389501
0.38956
0.389608
0.389651
0.389718
0.389788
0.38979
0.389874
0.389893
0.389925
0.389983
0.389377
0.389003
0.389037
0.389064
0.389133
0.389112
0.389099
0.389085
0.389119
0.389072
0.389083
0.389154
0.389137
0.389121
0.389127
0.389121
0.389148
0.38912
0.38923
0.389207
0.389272
0.389274
0.389395
0.389422
0.389311
0.389288
0.389298
0.389322
0.38931
0.389351
0.389441
0.389503
0.38953
0.389563
0.389535
0.389528
0.389535
0.389501
0.389533
0.389443
0.389428
0.389444
0.389526
0.389491
0.389493
0.389508
0.389377
0.389293
0.389242
0.389266
0.38925
0.389264
0.38931
0.389297
0.389289
0.389348
0.38937
0.389353
0.389417
0.389459
0.389462
0.389434
0.389464
0.389449
0.389431
0.389472
0.389438
0.389447
0.389394
0.389393
0.389429
0.38949
0.389538
0.389504
0.389525
0.389529
0.389509
0.389504
0.389579
0.389548
0.389598
0.389603
0.389613
0.389658
0.389677
0.389706
0.38978
0.389506
0.389484
0.389462
0.389464
0.389543
0.389548
0.389543
0.389614
0.389515
0.389435
0.389399
0.389403
0.389355
0.389311
0.389344
0.389284
0.389259
0.38925
0.389307
0.389269
0.389298
0.389222
0.38922
0.389236
0.389209
0.389202
0.389264
0.389277
0.389222
0.38916
0.389188
0.389144
0.38922
0.389185
0.38916
0.389106
0.389092
0.389092
0.389097
0.389168
0.389172
0.389202
0.389258
0.38928
0.389298
0.389287
0.389318
0.389322
0.389387
0.389435
0.389454
0.3894
0.389501
0.389492
0.389447
0.389416
0.389381
0.389419
0.389394
0.389442
0.389513
0.38949
0.389531
0.389534
0.389476
0.389497
0.389427
0.389285
0.389336
0.389361
0.389365
0.389369
0.389379
0.389303
0.389283
0.389319
0.389345
0.389347
0.389385
0.389349
0.389346
0.389315
0.389317
0.389351
0.389393
0.389394
0.389385
0.389356
0.3894
0.389436
0.389469
0.389481
0.389461
0.389501
0.389553
0.389537
0.389533
0.38954
0.389536
0.389558
0.389456
0.389373
0.38942
0.38937
0.389444
0.389481
0.389465
0.389464
0.389421
0.389419
0.38939
0.389394
0.389325
0.389298
0.389284
0.389287
0.38932
0.389394
0.389366
0.389416
0.389465
0.389445
0.389462
0.389475
0.38954
0.389547
0.389549
0.389496
0.389484
0.389492
0.389418
0.389409
0.38944
0.389475
0.38948
0.389514
0.389553
0.3896
0.389466
0.389427
0.389348
0.389346
0.389344
0.389326
0.389248
0.389257
0.389188
0.389175
0.389228
0.389143
0.389194
0.389217
0.389206
0.389228
0.389257
0.389272
0.389239
0.389146
0.389172
0.389183
0.389221
0.389252
0.389271
0.389218
0.389214
0.389195
0.389179
0.389208
0.389143
0.38912
0.389141
0.389088
0.389107
0.389089
0.3891
0.389076
0.389081
0.389069
0.389123
0.389136
0.389115
0.389129
0.389108
0.389107
0.389112
0.389124
0.389206
0.389202
0.389221
0.389258
0.389323
0.389325
0.389338
0.389333
0.389373
0.389371
0.389446
0.389411
0.389438
0.389465
0.389448
0.389457
0.389515
0.389393
0.389401
0.389389
0.389419
0.389436
0.389365
0.389311
0.389369
0.389359
0.389351
0.389331
0.389365
0.389367
0.389364
0.389385
0.389403
0.389393
0.389043
0.389065
0.38911
0.389065
0.389095
0.389143
0.3891
0.3891
0.389149
0.389208
0.389225
0.389231
0.389104
0.389095
0.388918
0.388783
0.388778
0.388821
0.388778
0.388769
0.38877
0.388754
0.388779
0.388782
0.388714
0.38868
0.388681
0.388645
0.388677
0.388696
0.388688
0.388678
0.388662
0.388686
0.388626
0.388631
0.388636
0.388637
0.388613
0.388591
0.388621
0.388659
0.388557
0.388584
0.388587
0.388606
0.388569
0.388603
0.388608
0.388614
0.388343
0.388334
0.388334
0.388383
0.388283
0.388308
0.388219
0.388204
0.38812
0.388083
0.388074
0.388057
0.38798
0.387925
0.387939
0.387923
0.387924
0.387881
0.38785
0.387886
0.387912
0.38791
0.387883
0.387922
0.38787
0.387895
0.387867
0.387891
0.387866
0.387802
0.3878
