0
0.534553
0.47619
0.465367
0.463871
0.47581
0.483235
0.491277
0.497177
0.503822
0.505037
0.497143
0.492977
0.48849
0.485489
0.481988
0.4782
0.475458
0.47322
0.471997
0.469371
0.468056
0.466376
0.466835
0.466789
0.466509
0.466546
0.466318
0.467243
0.467411
0.466785
0.466251
0.465209
0.465502
0.465458
0.464344
0.464177
0.46349
0.463169
0.463027
0.463086
0.46271
0.462848
0.463184
0.463455
0.463966
0.463334
0.463291
0.463389
0.463175
0.463898
0.464153
0.463727
0.463336
0.463613
0.464038
0.464491
0.464554
0.464495
0.46498
0.465091
0.464625
0.464512
0.465182
0.464007
0.463501
0.463467
0.463218
0.463026
0.462765
0.463043
0.463469
0.463486
0.463279
0.463645
0.464196
0.46479
0.465436
0.465277
0.465461
0.465585
0.466098
0.466485
0.466828
0.466694
0.466889
0.467049
0.466966
0.467191
0.467873
0.467685
0.468029
0.467973
0.4677
0.468431
0.468183
0.468422
0.468592
0.468655
0.468627
0.468808
0.469087
0.469315
0.469269
0.469624
0.469389
0.469203
0.469125
0.469334
0.469652
0.469652
0.470386
0.470471
0.470566
0.470867
0.47098
0.471529
0.471804
0.472255
0.472765
0.472544
0.472423
0.473024
0.473526
0.473678
0.473825
0.47344
0.473784
0.47382
0.474078
0.474288
0.474685
0.475072
0.475437
0.475939
0.47628
0.476459
0.476758
0.476931
0.476813
0.476665
0.47665
0.476792
0.476944
0.477306
0.477513
0.477673
0.477998
0.478316
0.478501
0.478622
0.478864
0.479349
0.47959
0.479596
0.479784
0.479934
0.479743
0.479792
0.479764
0.479773
0.479761
0.479967
0.47999
0.480144
0.480218
0.480593
0.480683
0.480766
0.481074
0.481322
0.481518
0.481818
0.48189
0.482246
0.48253
0.482771
0.482955
0.483376
0.483683
0.483936
0.483967
0.484565
0.484623
0.484738
0.484784
0.48482
0.484963
0.485065
0.485361
0.485467
0.485622
0.485644
0.485618
0.485837
0.486081
0.486255
0.486161
0.486221
0.486177
0.48619
0.486134
0.486351
0.486313
0.486488
0.48661
0.48677
0.487067
0.487214
0.487507
0.487641
0.487782
0.487838
0.487802
0.487604
0.487897
0.48806
0.488311
0.488348
0.488609
0.488839
0.488988
0.489123
0.489041
0.48917
0.489368
0.489316
0.489278
0.489373
0.489282
0.489348
0.489346
0.489117
0.489023
0.489244
0.489522
0.489558
0.489651
0.489856
0.490129
0.490372
0.490072
0.489555
0.48907
0.489035
0.489208
0.489361
0.489427
0.488346
0.486778
0.486572
0.486249
0.486078
0.4861
0.48594
0.485837
0.485885
0.48581
0.48563
0.485651
0.485727
0.485803
0.485852
0.48563
0.485561
0.48562
0.485849
0.485887
0.485833
0.485814
0.485864
0.485858
0.48599
0.486197
0.486201
0.486073
0.486025
0.486021
0.485951
0.485987
0.486172
0.486114
0.486024
0.485914
0.485958
0.486039
0.48607
0.485968
0.485774
0.48568
0.485456
0.485416
0.485262
0.485301
0.485203
0.48501
0.484969
0.485036
0.485156
0.485098
0.485172
0.484827
0.484775
0.484665
0.484615
0.484605
0.484548
0.484502
0.484377
0.484355
0.484391
0.484474
0.484443
0.484397
0.484397
0.484454
0.484236
0.484193
0.484247
0.484289
0.484232
0.484258
0.484222
0.484171
0.484278
0.484173
0.483794
0.482827
0.482879
0.482805
0.482809
0.482542
0.482457
0.48237
0.482241
0.482206
0.482294
0.482313
0.482251
0.482106
0.482077
0.482043
0.482013
0.481939
0.481886
0.481887
0.481898
0.481898
0.481818
0.481774
0.481503
0.481577
0.481523
0.481512
0.481425
0.481368
0.481409
0.481319
0.481459
0.481549
0.481459
0.481441
0.481506
0.48151
0.481488
0.481474
0.480949
0.480541
0.480613
0.480688
0.480586
0.480529
0.480489
0.480403
0.48046
0.480309
0.48018
0.48031
0.480447
0.480488
0.480473
0.480427
0.480425
0.480476
0.4803
0.480266
0.480204
0.480144
0.480052
0.48007
0.480067
0.480023
0.480063
0.480185
0.480182
0.480176
0.480099
0.480094
0.480094
0.479991
0.479987
0.480006
0.480126
0.480071
0.479732
0.479708
0.479685
0.479588
0.479601
0.479689
0.479722
0.479719
0.479661
0.479517
0.479452
0.4795
0.479584
0.479627
0.479573
0.479582
0.47969
0.479725
0.479614
0.479699
0.479722
0.47975
0.479685
0.47954
0.479592
0.479678
0.479688
0.479831
0.479969
0.47999
0.480003
0.479976
0.480079
0.480098
0.480109
0.479998
0.480108
0.480062
0.480087
0.480169
0.48024
0.480179
0.480181
0.480128
0.480001
0.480063
0.480052
0.480058
0.480156
0.480307
0.480285
0.480291
0.480255
0.480286
0.480188
0.480061
0.480156
0.480212
0.480258
0.480362
0.480364
0.480357
0.480417
0.480459
0.480451
0.480506
0.480465
0.480487
0.480433
0.480349
0.480469
0.480356
0.480349
0.480388
0.480305
0.480325
0.480323
0.48023
0.480199
0.480274
0.480286
0.480363
0.480315
0.480311
0.480336
0.480435
0.480389
0.480336
0.480362
0.480388
0.480327
0.480394
0.480519
0.480527
0.480482
0.480425
0.480325
0.480353
0.48035
0.48046
0.480434
0.480449
0.480476
0.480503
0.480421
0.480408
0.4804
0.480424
0.480432
0.480393
0.480375
0.480366
0.48029
0.480305
0.480383
0.480324
0.480313
0.480449
0.480428
0.480465
0.480576
0.480766
0.480816
0.480859
0.480867
0.480875
0.480884
0.480804
0.480871
0.480854
0.48081
0.480771
0.480765
0.480804
0.480797
0.480831
0.480857
0.480938
0.480935
0.480898
0.480923
0.480741
0.480436
0.480525
0.480499
0.480551
0.480639
0.480705
0.480695
0.480771
0.480782
0.48089
0.480981
0.480998
0.481057
0.481002
0.480973
0.481018
0.480966
0.48095
0.480967
0.481023
0.480984
0.480951
0.481033
0.481046
0.48109
0.481085
0.481005
0.481008
0.481062
0.480983
0.480793
0.480857
0.480848
0.480829
0.480793
0.480823
0.480941
0.480959
0.481016
0.480985
0.481012
0.481085
0.481103
0.481073
0.481117
0.481153
0.481168
0.481277
0.481282
0.481335
0.48123
0.481222
0.481283
0.481307
0.481337
0.481438
0.481407
0.481412
0.481482
0.481564
0.481531
0.481629
0.48166
0.481621
0.481644
0.481638
0.481665
0.481035
0.480646
0.480632
0.480642
0.480657
0.480659
0.480665
0.480633
0.48054
0.480543
0.480564
0.480486
0.480368
0.480384
0.480375
0.480397
0.480431
0.480453
0.480467
0.480503
0.480463
0.480426
0.480463
0.480413
0.480425
0.480447
0.480472
0.480534
0.48054
0.480524
0.480519
0.480517
0.480478
0.480465
0.480465
0.480522
0.480574
0.480584
0.480611
0.480558
0.480548
0.48049
0.480499
0.480498
0.48048
0.480499
0.480463
0.480476
0.480467
0.48043
0.480453
0.480521
0.480509
0.480501
0.480426
0.480512
0.480537
0.480412
0.480444
0.480437
0.480467
0.480463
0.480494
0.480432
0.480441
0.48046
0.480427
0.480429
0.480414
0.480447
0.480451
0.480422
0.480432
0.480426
0.480444
0.480436
0.480401
0.480429
0.480429
0.480471
0.48051
0.480501
0.48043
0.480459
0.4805
0.480536
0.480559
0.480312
0.480354
0.480361
0.480387
0.480453
0.480451
0.480432
0.480354
0.480223
0.480134
0.480085
0.480049
0.480022
0.479989
0.480008
0.479989
0.480061
0.480074
0.480079
0.480041
0.480029
0.480069
0.480057
0.48004
0.480061
0.480124
0.480175
0.480201
0.480178
0.480142
0.480112
0.480188
0.480178
0.480096
0.480034
0.480062
0.48001
0.479951
0.479961
0.479992
0.479911
0.479949
0.479948
0.479977
0.480028
0.480032
0.480057
0.480123
0.480128
0.480178
0.48015
0.480186
0.480172
0.480142
0.480142
0.480151
0.480147
0.480126
0.480176
0.480166
0.480234
0.480219
0.480257
0.480318
0.480317
0.480413
0.480356
0.480239
0.48026
0.480257
0.480213
0.480158
0.48017
0.480225
0.480258
0.480252
0.480259
0.480291
0.480346
0.480357
0.48041
0.480367
0.48045
0.480487
0.480488
0.480515
0.480528
0.48048
0.480442
0.480479
0.480482
0.480464
0.480468
0.480492
0.480494
0.480521
0.480586
0.48062
0.480649
0.480632
0.480534
0.48046
0.480487
0.480513
0.480478
0.480514
0.480466
0.480486
0.480417
0.480466
0.480449
0.480429
0.480442
0.480432
0.480438
0.480436
0.480533
0.480488
0.480494
0.480491
0.480434
0.4804
0.480433
0.480404
0.480412
0.480391
0.480423
0.480383
0.48038
0.480312
0.480295
0.48029
0.480251
0.480249
0.480272
0.480314
0.480305
0.480297
0.480235
0.480166
0.480103
0.480144
0.480155
0.480142
0.480133
0.480085
0.480079
0.480082
0.480111
0.480094
0.480116
0.480086
0.480186
0.480196
0.480206
0.480274
0.480249
0.48023
0.480237
0.480221
0.48017
0.480201
0.480231
0.480229
0.480213
0.480221
0.48028
0.480254
0.480184
0.480277
0.480322
0.480262
0.48024
0.480241
0.480259
0.48025
0.48027
0.480246
0.480272
0.480226
0.480188
0.480153
0.480203
0.480225
0.480272
0.480334
0.480297
0.480275
0.480275
0.480267
0.4803
0.480212
0.480263
0.48028
0.480277
0.48027
0.480308
0.480214
0.480226
0.480283
0.480233
0.480213
0.480251
0.48018
0.480182
0.480192
0.48015
0.480148
0.480116
0.48017
0.480181
0.480198
0.480155
0.480145
0.480139
0.480155
0.480193
0.480184
0.480199
0.480162
0.47969
0.47973
0.479746
0.4797
0.479666
0.479702
0.479715
0.479682
0.479672
0.479677
0.479693
0.479673
0.479485
0.479478
0.479287
0.479187
0.479229
0.479197
0.479097
0.47913
0.479128
0.479178
0.479225
0.479225
0.479154
0.479181
0.479177
0.47913
0.479099
0.479081
0.479048
0.479025
0.479027
0.47899
0.478978
0.478942
0.478925
0.478939
0.478971
0.479019
0.47898
0.478988
0.478918
0.478897
0.478877
0.478841
0.478853
0.478807
0.478807
0.478786
0.478577
0.478603
0.478624
0.478601
0.47861
0.478604
0.47863
0.478609
0.47861
0.478554
0.478546
0.478523
0.478473
0.478455
0.478445
0.478402
0.478396
0.478377
0.478352
0.47837
0.478396
0.478414
0.478373
0.478382
0.478369
0.478367
0.478337
0.478369
0.478404
0.478335
0.478325
