0.829582
0.815457
0.823406
0.826938
0.819419
0.821391
0.823738
0.82469
0.82438
0.826534
0.808762
0.797741
0.78678
0.779509
0.775276
0.76808
0.760881
0.757009
0.752742
0.749541
0.741064
0.730716
0.723185
0.716859
0.710581
0.705269
0.698626
0.692809
0.687133
0.683522
0.677192
0.66933
0.66203
0.657507
0.651631
0.645167
0.640322
0.636327
0.632109
0.626501
0.620741
0.615351
0.610488
0.606019
0.599797
0.59527
0.591752
0.587703
0.582328
0.578188
0.573967
0.570612
0.566278
0.560932
0.557854
0.554997
0.55077
0.546855
0.54337
0.539768
0.536703
0.533587
0.530444
0.528407
0.526357
0.523663
0.520807
0.517901
0.51512
0.512951
0.511094
0.510005
0.507375
0.50491
0.502794
0.501528
0.499824
0.497933
0.4963
0.494185
0.493291
0.492362
0.49153
0.491008
0.489906
0.489275
0.48841
0.488308
0.487939
0.486547
0.486655
0.48709
0.487127
0.487611
0.487671
0.487037
0.487003
0.487447
0.487556
0.488008
0.488289
0.488075
0.488855
0.489322
0.489394
0.489421
0.489357
0.489308
0.489722
0.49006
0.489998
0.490061
0.490123
0.490068
0.490025
0.490712
0.490522
0.490746
0.490564
0.490876
0.491213
0.49136
0.491578
0.491551
0.491511
0.491872
0.492137
0.49188
0.491648
0.491574
0.491686
0.491871
0.491971
0.491629
0.491672
0.492075
0.492104
0.492326
0.492318
0.492416
0.492365
0.492548
0.492681
0.492639
0.49275
0.492604
0.492499
0.492273
0.492304
0.492306
0.49195
0.491912
0.4921
0.492026
0.492018
0.49174
0.491688
0.491578
0.491477
0.491693
0.491646
0.491653
0.491759
0.491821
0.491615
0.491503
0.491364
0.491164
0.491358
0.491709
0.491451
0.491471
0.491473
0.491409
0.491371
0.491149
0.491596
0.491575
0.491805
0.491834
0.491838
0.491651
0.491395
0.491179
0.491479
0.491355
0.491431
0.491171
0.491072
0.490914
0.490971
0.491176
0.491043
0.49122
0.491042
0.49105
0.49117
0.491146
0.491315
0.491252
0.491413
0.491516
0.491298
0.491324
0.491477
0.49142
0.49131
0.491437
0.491649
0.491398
0.491352
0.491335
0.491398
0.491419
0.491391
0.491137
0.491143
0.491325
0.491241
0.491248
0.491281
0.491115
0.490955
0.491077
0.491068
0.491015
0.491113
0.491098
0.491062
0.491098
0.491011
0.489876
0.489142
0.489068
0.489233
0.489209
0.489264
0.48777
0.485824
0.485795
0.485515
0.485659
0.485653
0.485931
0.486054
0.486119
0.486139
0.485967
0.486054
0.485965
0.485895
0.486057
0.486097
0.48617
0.486267
0.48635
0.486382
0.486593
0.486513
0.486403
0.486803
0.486876
0.487012
0.48691
0.486876
0.486688
0.486727
0.486696
0.486609
0.486526
0.486597
0.486726
0.486667
0.486573
0.486612
0.486717
0.486688
0.486866
0.486928
0.486679
0.486747
0.486709
0.486736
0.486704
0.486762
0.486978
0.487004
0.487168
0.487218
0.487282
0.486843
0.486962
0.487174
0.487277
0.487123
0.487129
0.487108
0.487286
0.487288
0.487362
0.487597
0.48765
0.487639
0.48775
0.487734
0.487633
0.487678
0.487833
0.487812
0.48781
0.487832
0.487808
0.487779
0.487622
0.487755
0.487226
0.485931
0.486007
0.485959
0.48593
0.485633
0.485546
0.485748
0.485771
0.485797
0.485789
0.48585
0.485847
0.485849
0.485889
0.485767
0.485887
0.485886
0.485969
0.485999
0.48598
0.486094
0.486101
0.486136
0.486007
0.485822
0.485808
0.48574
0.48571
0.485838
0.485768
0.485727
0.485785
0.485772
0.48568
0.485902
0.485866
0.485805
0.485692
0.485654
0.485026
0.48468
0.48477
0.48484
0.484804
0.48487
0.484914
0.48475
0.484907
0.484875
0.485022
0.48506
0.485063
0.485127
0.485167
0.485133
0.485217
0.485217
0.485063
0.485058
0.484976
0.485088
0.484966
0.484914
0.48491
0.484952
0.484955
0.485015
0.485056
0.484967
0.485065
0.485161
0.485088
0.485089
0.48508
0.485138
0.485199
0.485115
0.484855
0.484831
0.484891
0.484892
0.484957
0.484898
0.484999
0.484951
0.485071
0.484927
0.484911
0.484965
0.48499
0.484904
0.484882
0.484846
0.484822
0.485021
0.48507
0.485042
0.485195
0.48519
0.48518
0.485141
0.485064
0.485109
0.485176
0.485118
0.485191
0.485337
0.48523
0.48533
0.485343
0.485516
0.485641
0.485566
0.485606
0.485639
0.485677
0.485779
0.48581
0.485868
0.485854
0.485948
0.485931
0.486121
0.486166
0.486132
0.486171
0.48626
0.486315
0.48636
0.486435
0.486542
0.486626
0.486529
0.486512
0.486586
0.486638
0.486619
0.486409
0.48646
0.486462
0.486448
0.486521
0.486608
0.486579
0.48664
0.486616
0.486563
0.486633
0.486629
0.486639
0.486754
0.486885
0.48698
0.487
0.487
0.486977
0.48703
0.487056
0.487178
0.487219
0.487159
0.487216
0.48718
0.487171
0.487126
0.487081
0.487178
0.48716
0.487172
0.487209
0.487246
0.487315
0.48745
0.487372
0.487449
0.487395
0.487458
0.487446
0.48748
0.487388
0.487371
0.487419
0.487321
0.487322
0.487403
0.487428
0.48744
0.487423
0.487508
0.487558
0.487564
0.487631
0.487609
0.487547
0.487688
0.487736
0.487839
0.487796
0.487789
0.487764
0.487796
0.487758
0.487691
0.487651
0.487657
0.487756
0.487757
0.487729
0.487714
0.487709
0.487751
0.487718
0.48785
0.487818
0.487811
0.487837
0.487904
0.487916
0.487567
0.487225
0.487158
0.487175
0.4872
0.487226
0.48722
0.487213
0.48722
0.487185
0.487307
0.487308
0.487315
0.487324
0.487305
0.487277
0.487324
0.487316
0.487318
0.487311
0.487354
0.487342
0.487315
0.48732
0.48729
0.487321
0.487249
0.487128
0.487161
0.487191
0.487062
0.486758
0.486828
0.48691
0.486877
0.48689
0.487
0.486952
0.487024
0.487027
0.487081
0.487193
0.487157
0.487091
0.487105
0.487197
0.487151
0.487197
0.487261
0.487206
0.487213
0.487127
0.487092
0.4871
0.487104
0.486983
0.487049
0.487005
0.487048
0.487082
0.487119
0.487175
0.487089
0.487151
0.48716
0.487147
0.487148
0.487068
0.486253
0.485793
0.48582
0.485839
0.485839
0.485893
0.485811
0.485816
0.48592
0.485953
0.485973
0.486024
0.486005
0.486073
0.486115
0.486163
0.486269
0.486334
0.486315
0.486324
0.486336
0.486286
0.486295
0.486365
0.486378
0.486481
0.486445
0.486521
0.486613
0.48668
0.486715
0.486803
0.486818
0.486829
0.486885
0.486896
0.486931
0.486993
0.487081
0.487047
0.487013
0.487045
0.487118
0.487154
0.487165
0.48714
0.486877
0.486905
0.486952
0.486962
0.486999
0.487033
0.48708
0.487132
0.487148
0.487124
0.487179
0.487213
0.487209
0.487244
0.487241
0.487247
0.487285
0.487207
0.487269
0.487278
0.487343
0.487423
0.487468
0.487451
0.487472
0.487412
0.487486
0.487451
0.487419
0.487462
0.487428
0.487425
0.487452
0.4875
0.487503
0.487509
0.487529
0.487628
0.487665
0.487683
0.487751
0.487512
0.48746
0.48735
0.487336
0.487398
0.487319
0.487255
0.487228
0.487087
0.487056
0.486895
0.486807
0.486707
0.486635
0.486691
0.486633
0.486604
0.486521
0.486468
0.486456
0.486393
0.486378
0.486337
0.486336
0.486212
0.486221
0.486239
0.486233
0.486221
0.486154
0.486157
0.486103
0.486011
0.485967
0.485891
0.485862
0.485824
0.485848
0.485894
0.485817
0.485703
0.485661
0.485609
0.485555
0.485495
0.485399
0.485309
0.48528
0.48523
0.485218
0.485194
0.485156
0.485088
0.485021
0.484966
0.484905
0.484816
0.484796
0.484783
0.4847
0.48468
0.48465
0.48463
0.48461
0.484614
0.484604
0.484471
0.48431
0.484275
0.484161
0.484102
0.484074
0.484031
0.483978
0.483931
0.483835
0.483815
0.483803
0.483754
0.483686
0.483678
0.483628
0.483578
0.483576
0.483501
0.483382
0.483351
0.483321
0.483238
0.483111
0.483085
0.483015
0.482991
0.482948
0.48289
0.482784
0.482767
0.482774
0.482714
0.482669
0.482487
0.482394
0.482372
0.482332
0.482254
0.482289
0.482232
0.48215
0.482164
0.482114
0.48201
0.481964
0.48191
0.481877
0.481853
0.481834
0.481837
0.481813
0.481716
0.481677
0.481642
0.481551
0.481539
0.481541
0.481561
0.481503
0.481436
0.481396
0.481342
0.48121
0.48114
0.481138
0.481124
0.481046
0.481011
0.480999
0.480984
0.480981
0.480851
0.480756
0.480564
0.480562
0.480571
0.480511
0.480491
0.480412
0.480358
0.480317
0.480257
0.480209
0.480253
0.480246
0.480163
0.480166
0.480149
0.480084
0.480037
0.479956
0.479919
0.479891
0.479915
0.479881
0.479763
0.479725
0.479694
0.47961
0.479515
0.479499
0.479388
0.479392
0.479377
0.479269
0.479195
0.479151
0.479116
0.47906
0.479
0.479021
0.478996
0.47898
0.478889
0.47886
0.478854
0.478805
0.478784
0.478717
0.478718
0.478664
0.478648
0.47857
0.478566
0.4785
0.478441
0.478415
0.478427
0.478408
0.478373
0.478356
0.478298
0.47827
0.478236
0.478237
0.478212
0.47807
0.478075
0.478074
0.478077
0.478076
0.477971
0.477931
0.477944
0.477926
0.477905
0.477962
0.477988
0.478012
0.477958
0.477918
0.477873
0.477877
0.477424
0.477326
0.477256
0.477149
0.477084
0.476999
0.476945
0.476834
0.47677
0.476694
0.476628
0.476618
0.476403
0.476297
0.475979
0.475807
0.475742
0.475635
0.475528
0.475449
0.475432
0.475338
0.475204
0.47518
0.475062
0.474936
0.474844
0.474758
0.474665
0.474593
0.474538
0.474449
0.474423
0.47439
0.474276
0.474193
0.474151
0.474028
0.473946
0.473838
0.47379
0.473717
0.473624
0.473594
0.473509
0.473466
0.473396
0.473338
0.473239
0.473192
0.472877
0.472764
0.472704
0.472613
0.472495
0.472394
0.472279
0.472217
0.472156
0.472014
0.471882
0.47178
0.47162
0.471412
0.471393
0.471343
0.471253
0.471073
0.470994
0.4709
0.47078
0.470706
0.470627
0.470516
0.470445
0.470325
0.470197
0.470114
0.469978
0.469823
0.469711
