0
0.205941
0.204457
0.201031
0.200297
0.208051
0.213142
0.217429
0.225677
0.229125
0.235083
0.240045
0.243898
0.250664
0.245316
0.241592
0.242324
0.242881
0.24042
0.24154
0.243551
0.244649
0.246897
0.250917
0.250624
0.253616
0.252893
0.254688
0.255589
0.255223
0.256696
0.259049
0.260065
0.26032
0.259812
0.260586
0.260516
0.260428
0.261823
0.263179
0.26419
0.265096
0.265482
0.267205
0.266119
0.267747
0.268398
0.267495
0.266822
0.266911
0.267654
0.268099
0.268837
0.269464
0.269836
0.270128
0.270585
0.271694
0.272558
0.272732
0.272062
0.2719
0.272604
0.273481
0.274244
0.274507
0.274718
0.275053
0.275339
0.275861
0.276295
0.276366
0.276944
0.276988
0.276819
0.276739
0.276657
0.277331
0.278116
0.278293
0.278362
0.278323
0.278732
0.279638
0.280024
0.280047
0.279877
0.280469
0.280707
0.280847
0.280676
0.281028
0.281367
0.282271
0.282796
0.283317
0.283833
0.284337
0.284242
0.284375
0.284553
0.284905
0.284772
0.285343
0.286102
0.286611
0.287351
0.287901
0.288521
0.289005
0.289401
0.289598
0.289595
0.289858
0.289645
0.290104
0.290253
0.290452
0.290857
0.2909
0.291078
0.291541
0.291694
0.292037
0.292806
0.292925
0.293143
0.293112
0.293261
0.293542
0.293759
0.29409
0.293973
0.294188
0.294323
0.294473
0.294809
0.295034
0.295122
0.29522
0.295453
0.295938
0.29626
0.296619
0.29693
0.297118
0.297397
0.297779
0.29796
0.298332
0.298655
0.299031
0.299402
0.29955
0.2999
0.300154
0.30047
0.300696
0.300936
0.301014
0.301292
0.301154
0.301225
0.300418
0.300583
0.301039
0.301467
0.301708
0.302131
0.302234
0.301378
0.301348
0.301422
0.301862
0.302082
0.302071
0.30239
0.302651
0.303187
0.303181
0.303128
0.303429
0.303428
0.303409
0.303564
0.303708
0.304056
0.304046
0.304308
0.304543
0.304719
0.304848
0.304855
0.304768
0.304449
0.304294
0.303781
0.303695
0.304175
0.304303
0.304586
0.304642
0.304778
0.304792
0.304771
0.304929
0.305088
0.305347
0.305369
0.305731
0.306152
0.306302
0.306455
0.306625
0.306816
0.306775
0.30685
0.306902
0.307344
0.307489
0.307816
0.308018
0.30828
0.308309
0.308581
0.308766
0.308893
0.309158
0.309417
0.309478
0.309632
0.309896
0.310196
0.310421
0.310499
0.310556
0.310358
0.310607
0.31094
0.310733
0.310892
0.311039
0.311199
0.311388
0.311731
0.311923
0.311994
0.311923
0.31209
0.312027
0.312303
0.312203
0.312501
0.312863
0.312898
0.312892
0.312731
0.312869
0.312811
0.312856
0.312968
0.31313
0.313248
0.313457
0.31375
0.313849
0.31415
0.314335
0.314226
0.314393
0.31451
0.314685
0.314739
0.314752
0.314905
0.315154
0.315369
0.315559
0.315682
0.315663
0.315806
0.31604
0.316159
0.316407
0.316549
0.316526
0.316649
0.31684
0.317017
0.317074
0.317069
0.317005
0.317279
0.317657
0.31778
0.31781
0.317958
0.318038
0.318168
0.318243
0.318192
0.318396
0.318585
0.318545
0.318571
0.318621
0.318745
0.318944
0.318922
0.318877
0.319115
0.319191
0.319401
0.319491
0.319506
0.319698
0.319822
0.319855
0.319879
0.320073
0.320233
0.32034
0.320465
0.320503
0.32071
0.320864
0.320901
0.321011
0.321258
0.321351
0.321448
0.321695
0.321833
0.321924
0.321986
0.322204
0.322333
0.322399
0.322404
0.322458
0.322426
0.322593
0.322642
0.32255
0.322688
0.322743
0.322798
0.322762
0.322905
0.32311
0.323108
0.323047
0.323102
0.323221
0.323366
0.323522
0.323531
0.323591
0.323751
0.323925
0.324097
0.324216
0.324344
0.324569
0.324607
0.324735
0.324842
0.325027
0.325166
0.32539
0.325538
0.32552
0.325539
0.325488
0.325777
0.32602
0.325958
0.326237
0.326397
0.326443
0.326591
0.326576
0.326683
0.326824
0.326933
0.32699
0.327148
0.32724
0.327369
0.327482
0.32764
0.327765
0.327775
0.328054
0.32811
0.328336
0.328468
0.328535
0.328533
0.328181
0.328348
0.328387
0.328593
0.328558
0.328677
0.328721
0.328781
0.328785
0.328885
0.328852
0.328813
0.328843
0.328883
0.329013
0.329043
0.329146
0.329249
0.329375
0.329564
0.329705
0.329831
0.329933
0.329913
0.330001
0.330002
0.330002
0.33016
0.3303
0.330363
0.330474
0.330584
0.330645
0.330651
0.330779
0.33081
0.330813
0.330869
0.330806
0.330936
0.331063
0.331098
0.331194
0.331345
0.331403
0.331461
0.33162
0.331677
0.331787
0.331758
0.33173
0.331756
0.331853
0.331684
0.331001
0.330899
0.331
0.331112
0.331138
0.331101
0.331027
0.331051
0.331062
0.33123
0.331233
0.331355
0.331387
0.331516
0.331588
0.331666
0.331678
0.33173
0.331796
0.332026
0.332056
0.332123
0.332213
0.332245
0.33226
0.332326
0.332076
0.332002
0.332075
0.33218
0.332273
0.332279
0.332338
0.332426
0.332448
0.332513
0.332564
0.33261
0.332643
0.332772
0.332789
0.332948
0.332973
0.332978
0.333046
0.333158
0.333196
0.333266
0.333316
0.333329
0.33326
0.333434
0.333528
0.333611
0.333785
0.333835
0.333844
0.33387
0.33376
0.333829
0.333807
0.333877
0.333963
0.334008
0.334056
0.334045
0.334052
0.334165
0.334228
0.334314
0.334422
0.334531
0.334637
0.334704
0.334697
0.334755
0.334915
0.334976
0.334941
0.334992
0.33508
0.335075
0.335088
0.334972
0.334949
0.334981
0.335038
0.33498
0.334958
0.335019
0.334934
0.334911
0.335014
0.335101
0.33529
0.335389
0.33542
0.335411
0.335402
0.335436
0.33531
0.334727
0.334546
0.334633
0.334686
0.334689
0.334817
0.334638
0.334729
0.334797
0.33487
0.334906
0.334995
0.335017
0.335073
0.335087
0.335192
0.335245
0.335379
0.335481
0.335256
0.334667
0.334595
0.334684
0.334694
0.334649
0.334718
0.334601
0.334504
0.334502
0.334566
0.334566
0.334577
0.334616
0.334597
0.334669
0.334656
0.33472
0.334778
0.334815
0.334818
0.334862
0.334911
0.334897
0.334997
0.335027
0.335071
0.335081
0.335019
0.335031
0.335022
0.335039
0.335149
0.335174
0.335192
0.335272
0.335298
0.335321
0.335362
0.335396
0.335378
0.335404
0.335423
0.335455
0.335477
0.335463
0.335514
0.335568
0.335611
0.335658
0.335713
0.335721
0.335721
0.335759
0.335857
0.335914
0.335924
0.335956
0.335978
0.336034
0.336121
0.336126
0.336138
0.336076
0.336171
0.3362
0.336216
0.336242
0.336238
0.336265
0.336177
0.336226
0.336243
0.336271
0.336188
0.336201
0.33619
0.336253
0.336276
0.336244
0.336205
0.336258
0.336344
0.336391
0.336408
0.336432
0.336413
0.336245
0.336335
0.336373
0.336364
0.336356
0.336424
0.336469
0.336467
0.33647
0.336419
0.33644
0.336479
0.336516
0.33661
0.336651
0.336624
0.33659
0.336602
0.336664
0.336726
0.336714
0.336786
0.336897
0.336902
0.336913
0.336934
0.336988
0.337009
0.336987
0.337059
0.337061
0.337062
0.337136
0.337197
0.337149
0.337097
0.337139
0.337112
0.337119
0.336992
0.336992
0.337044
0.337021
0.337024
0.336877
0.336889
0.336888
0.336976
0.336998
0.337011
0.337084
0.337095
0.337142
0.337151
0.337165
0.337182
0.337254
0.337301
0.337314
0.337286
0.33733
0.33742
0.337431
0.337466
0.337215
0.337292
0.33732
0.337326
0.337381
0.337348
0.337369
0.337405
0.337399
0.337445
0.337424
0.337455
0.33744
0.337476
0.337424
0.337536
0.337545
0.33759
0.337662
0.337712
0.337782
0.337827
0.337841
0.33787
0.337925
0.337903
0.337967
0.337913
0.337931
0.337981
0.338067
0.33811
0.338114
0.338071
0.338117
0.338111
0.338146
0.338064
0.338096
0.338057
0.338079
0.338087
0.33814
0.338001
0.338008
0.337992
0.338059
0.337993
0.338049
0.33808
0.338154
0.338162
0.338219
0.338202
0.33825
0.338277
0.338308
0.338349
0.338318
0.338289
0.338282
0.338298
0.338329
0.338347
0.338427
0.338503
0.33855
0.338576
0.338545
0.338591
0.338636
0.338693
0.338723
0.338696
0.33873
0.338708
0.338725
0.338776
0.338781
0.33884
0.338864
0.338846
0.338925
0.338943
0.338988
0.339053
0.339095
0.339098
0.339163
0.339151
0.339198
0.339273
0.339291
0.339275
0.339339
0.339373
0.339425
0.339427
0.339429
0.339434
0.339465
0.339517
0.339561
0.33959
0.339632
0.339615
0.339624
0.339755
0.33977
0.339839
0.339834
0.339916
0.33995
0.339983
0.340001
0.339976
0.340009
0.340013
0.340092
0.340122
0.340167
0.340208
0.340246
0.340232
0.340228
0.340269
0.340296
0.340351
0.340407
0.340453
0.34048
0.340502
0.340511
0.340507
0.340544
0.34058
0.340604
0.340379
0.340428
0.340397
0.340427
0.340436
0.340493
0.340555
0.340534
0.340589
0.34056
0.340566
0.340616
0.340661
0.340671
0.340698
0.340709
0.340735
0.340711
0.340742
0.340742
0.340572
0.340303
0.34036
0.340397
0.340467
0.340513
0.340564
0.340648
0.340684
0.340689
0.340753
0.340772
0.340764
0.340784
0.34083
0.340929
0.340944
0.340967
0.34103
0.341025
0.341085
0.341047
0.341029
0.341025
0.341087
0.341155
0.34119
0.341173
0.341162
0.341152
0.341201
0.341231
0.341234
0.34105
0.341081
0.341118
0.341156
0.341147
0.341186
0.341238
0.341257
0.341295
0.341249
0.341284
0.341275
0.341278
0.341328
0.341337
0.341406
0.341386
0.341309
0.341275
0.341323
0.341359
0.341228
0.341132
0.341148
0.341178
0.341193
0.341214
0.341201
0.341216
0.341224
0.341193
0.341239
0.341304
0.341362
0.341397
0.341463
0.341485
0.341528
0.341529
0.341487
0.341526
0.341581
0.34164
0.341729
0.341728
0.341742
0.341734
0.341786
0.341771
0.341803
0.341808
0.341836
0.34186
0.341905
0.34195
0.341962
0.342011
0.342009
0.342084
0.342132
0.34213
0.342167
0.342159
0.342195
0.342219
0.342254
0.34225
0.342258
0.342277
0.342301
0.342322
0.342368
0.342417
0.342494
0.342487
0.342524
0.342551
0.342603
0.342625
0.342695
0.342723
0.342745
0.342794
0.342812
0.342702
0.342731
0.342736
