0
0.446465
0.404959
0.366713
0.343923
0.33601
0.338108
0.336645
0.340728
0.344644
0.34997
0.353495
0.352827
0.354699
0.349354
0.3429
0.343417
0.342698
0.339912
0.338979
0.339435
0.340702
0.342178
0.34217
0.342893
0.344446
0.345331
0.346992
0.348548
0.349616
0.351289
0.353526
0.353104
0.353514
0.352197
0.352742
0.352704
0.353257
0.353299
0.353082
0.352792
0.354516
0.354727
0.355498
0.354159
0.355039
0.355737
0.353569
0.353102
0.353778
0.353595
0.353286
0.353609
0.35356
0.354216
0.354313
0.35482
0.355498
0.356016
0.356141
0.356133
0.356517
0.357124
0.356946
0.357665
0.359296
0.359901
0.360092
0.360605
0.361407
0.362065
0.361947
0.361775
0.361813
0.361977
0.361549
0.361595
0.361753
0.361948
0.362039
0.362043
0.361901
0.362615
0.363044
0.363256
0.363731
0.363868
0.364159
0.364476
0.36424
0.364188
0.364628
0.365198
0.365942
0.366184
0.366657
0.366579
0.36732
0.367669
0.367787
0.367748
0.368143
0.36865
0.369042
0.369273
0.369761
0.370063
0.370556
0.370987
0.371206
0.371607
0.372263
0.372209
0.372201
0.372143
0.372402
0.372895
0.373059
0.373213
0.373225
0.373617
0.373916
0.374548
0.374968
0.375355
0.375635
0.376034
0.376401
0.376479
0.376899
0.377529
0.377892
0.377915
0.378369
0.378371
0.378749
0.37898
0.379215
0.379378
0.380119
0.380611
0.381013
0.381356
0.381689
0.381902
0.381953
0.382439
0.382678
0.38297
0.383183
0.383442
0.383457
0.38373
0.383914
0.384211
0.384452
0.384692
0.38493
0.38532
0.385595
0.385681
0.386156
0.386265
0.385932
0.386037
0.386254
0.38658
0.386863
0.387566
0.387674
0.386593
0.386765
0.387004
0.387006
0.387038
0.38698
0.387389
0.387335
0.387712
0.387753
0.387566
0.387586
0.387856
0.388095
0.388138
0.388303
0.38845
0.388722
0.388914
0.389272
0.389252
0.389359
0.389369
0.389265
0.389253
0.389252
0.388729
0.388837
0.389134
0.389356
0.389609
0.389718
0.389745
0.389887
0.390004
0.390334
0.390541
0.390841
0.391283
0.391422
0.391672
0.391828
0.391914
0.391831
0.392114
0.39239
0.392598
0.392832
0.392954
0.393007
0.393284
0.393472
0.393721
0.393785
0.393984
0.394033
0.394251
0.394414
0.394581
0.394746
0.394984
0.395158
0.395318
0.395556
0.39583
0.395973
0.39575
0.395986
0.395807
0.395911
0.396052
0.396275
0.396478
0.396806
0.397017
0.397273
0.397475
0.397498
0.39765
0.397487
0.397622
0.397803
0.397795
0.397858
0.398096
0.398219
0.398243
0.398429
0.398335
0.398385
0.398713
0.398791
0.39887
0.398973
0.399236
0.399309
0.399316
0.399438
0.399482
0.399544
0.399519
0.399645
0.399826
0.400167
0.400403
0.400509
0.400773
0.400994
0.401025
0.401074
0.401374
0.40167
0.401817
0.401969
0.402109
0.402175
0.402313
0.402614
0.402724
0.402812
0.403187
0.403529
0.403838
0.403946
0.404026
0.404127
0.404159
0.404146
0.404298
0.404512
0.404444
0.404494
0.404597
0.404742
0.40481
0.404948
0.40505
0.40508
0.405147
0.405252
0.405431
0.40554
0.405753
0.405875
0.405996
0.406143
0.406263
0.40626
0.406301
0.406193
0.406413
0.406545
0.406636
0.406823
0.406925
0.406913
0.406977
0.407176
0.407212
0.40734
0.407487
0.407658
0.407674
0.407763
0.407857
0.407877
0.407915
0.40805
0.408235
0.408314
0.408451
0.408617
0.408635
0.408573
0.408734
0.409002
0.409128
0.409254
0.40942
0.409594
0.409675
0.409719
0.409689
0.409801
0.409952
0.41013
0.410174
0.410292
0.410442
0.410498
0.410502
0.410663
0.410616
0.410618
0.410681
0.41071
0.410711
0.410935
0.411088
0.411096
0.411308
0.411497
0.411532
0.411674
0.411787
0.411765
0.411817
0.411957
0.412118
0.412309
0.412455
0.412456
0.41253
0.412798
0.412912
0.41302
0.413229
0.413267
0.41346
0.413678
0.413738
0.413784
0.413993
0.414125
0.4143
0.414294
0.414347
0.414533
0.41462
0.414215
0.41443
0.41448
0.4146
0.414754
0.41479
0.414851
0.414871
0.414898
0.415133
0.415128
0.415207
0.415438
0.415498
0.415627
0.415624
0.415772
0.415892
0.415985
0.416019
0.416065
0.41624
0.416293
0.416384
0.416523
0.416525
0.416642
0.416756
0.416787
0.416841
0.416865
0.41688
0.416916
0.416945
0.416948
0.417018
0.417174
0.417228
0.417276
0.417372
0.41746
0.417361
0.417338
0.417486
0.417606
0.417759
0.417855
0.417888
0.417987
0.417997
0.418007
0.418034
0.418189
0.418058
0.41738
0.417291
0.417387
0.417539
0.417497
0.417642
0.417648
0.41769
0.417746
0.417839
0.417961
0.418047
0.418172
0.418251
0.418381
0.418415
0.418554
0.41865
0.418754
0.418817
0.418878
0.419038
0.419052
0.419139
0.419054
0.419074
0.418837
0.418819
0.418914
0.419028
0.419151
0.419207
0.41919
0.419327
0.419437
0.419418
0.419407
0.419524
0.419582
0.419711
0.419757
0.419807
0.419922
0.41989
0.419881
0.419989
0.419958
0.419947
0.419966
0.419942
0.42005
0.420216
0.420277
0.420482
0.42057
0.420641
0.420681
0.420702
0.420503
0.420579
0.42065
0.420788
0.420786
0.42093
0.420994
0.421048
0.421203
0.42131
0.421371
0.421482
0.42161
0.421549
0.421625
0.421705
0.421896
0.421958
0.422007
0.422147
0.422256
0.422338
0.422406
0.422507
0.422565
0.422637
0.422666
0.422713
0.422773
0.422884
0.422927
0.423081
0.42307
0.42313
0.423292
0.423319
0.423435
0.423456
0.423468
0.423595
0.423655
0.423747
0.423631
0.42305
0.422691
0.422715
0.422748
0.422813
0.422837
0.422683
0.422717
0.422744
0.422839
0.422892
0.422961
0.422955
0.422988
0.423009
0.423114
0.423176
0.42326
0.4233
0.423037
0.422412
0.422456
0.422545
0.422618
0.42266
0.422638
0.422514
0.422429
0.422499
0.422586
0.422558
0.422552
0.422602
0.422726
0.422731
0.422709
0.422749
0.422758
0.42277
0.422769
0.422815
0.422881
0.422916
0.422943
0.422934
0.422991
0.42297
0.423012
0.423028
0.423007
0.422985
0.422926
0.422985
0.423024
0.423051
0.423081
0.423038
0.423033
0.423098
0.423039
0.423034
0.423079
0.423154
0.423149
0.423131
0.423202
0.42322
0.42319
0.423212
0.423192
0.423199
0.42323
0.423237
0.423283
0.42328
0.423307
0.42338
0.423404
0.423416
0.423504
0.423572
0.423637
0.423651
0.423747
0.423777
0.423841
0.423886
0.423928
0.42391
0.423959
0.423974
0.424036
0.42413
0.424195
0.424232
0.424254
0.424311
0.42435
0.424342
0.424401
0.424443
0.424497
0.424562
0.424579
0.42462
0.424656
0.424512
0.424634
0.4246
0.424617
0.424639
0.424663
0.424703
0.424686
0.424758
0.424663
0.424624
0.424682
0.424715
0.424722
0.424718
0.424785
0.424744
0.424787
0.424763
0.424818
0.424876
0.424876
0.424885
0.424928
0.424908
0.424975
0.424978
0.42503
0.424984
0.425054
0.424987
0.425058
0.425065
0.425139
0.42516
0.425175
0.42519
0.425226
0.425198
0.425188
0.425293
0.425336
0.425411
0.425425
0.425301
0.425327
0.425348
0.425343
0.425367
0.425378
0.425531
0.425571
0.42557
0.425544
0.425522
0.425531
0.425644
0.425678
0.425668
0.425689
0.425721
0.425762
0.425765
0.425694
0.425373
0.425393
0.425421
0.425435
0.425545
0.425648
0.42565
0.425712
0.425728
0.425728
0.425733
0.425781
0.42576
0.425767
0.425755
0.425746
0.42574
0.425721
0.425792
0.425889
0.425877
0.425898
0.425864
0.425869
0.425884
0.425925
0.425952
0.425999
0.426002
0.425989
0.425994
0.425965
0.426004
0.42602
0.42601
0.426016
0.426034
0.426038
0.426021
0.426054
0.426013
0.426042
0.426076
0.426009
0.426016
0.426067
0.426148
0.426155
0.426171
0.426218
0.426315
0.426375
0.42642
0.426397
0.426467
0.426436
0.426524
0.426534
0.426466
0.426495
0.426495
0.426503
0.42654
0.426559
0.426536
0.426528
0.426599
0.426628
0.426634
0.426627
0.426628
0.426668
0.426712
0.426768
0.426856
0.426838
0.426798
0.426829
0.426798
0.426845
0.426823
0.426822
0.426832
0.426842
0.426867
0.42692
0.426939
0.426959
0.427007
0.42703
0.427124
0.427213
0.427226
0.427259
0.427292
0.427296
0.427346
0.427419
0.427418
0.427508
0.427527
0.427536
0.427524
0.427548
0.427581
0.427588
0.427608
0.427675
0.427708
0.427737
0.427792
0.427807
0.427802
0.42788
0.42788
0.427863
0.427848
0.427887
0.427933
0.427971
0.427956
0.428035
0.428055
0.428115
0.42815
0.428193
0.428205
0.428197
0.428238
0.428261
0.428299
0.428309
0.428316
0.428361
0.428421
0.428327
0.428357
0.428073
0.428129
0.428139
0.428137
0.428231
0.428289
0.428307
0.428327
0.428333
0.428286
0.428259
0.428315
0.428378
0.428333
0.428323
0.428346
0.42837
0.428382
0.428382
0.4284
0.428269
0.428019
0.428102
0.428204
0.42824
0.428307
0.428332
0.428384
0.428424
0.428399
0.428394
0.428327
0.42835
0.428303
0.428304
0.428313
0.428368
0.428375
0.428363
0.428424
0.42842
0.428412
0.42839
0.428394
0.428446
0.428476
0.428484
0.428455
0.428462
0.42849
0.428569
0.428586
0.42857
0.428448
0.428442
0.428452
0.428458
0.42843
0.428452
0.428473
0.428477
0.42852
0.428526
0.428531
0.428562
0.428623
0.42867
0.428736
0.428792
0.428786
0.428718
0.428693
0.428704
0.428711
0.428493
0.428396
0.428446
0.428475
0.428519
0.428562
0.428551
0.428595
0.428644
0.428718
0.428752
0.428798
0.428733
0.428707
0.428745
0.428785
0.428789
0.428818
0.428864
0.428838
0.428909
0.42889
0.428798
0.428812
0.428827
0.428848
0.428868
0.428852
0.428876
0.428891
0.428889
0.428923
0.42897
0.428968
0.428999
0.428997
0.428999
0.428999
0.429004
0.429019
0.429094
0.429097
0.429096
0.429067
0.429103
0.429085
0.42915
0.429197
0.429247
0.429245
0.42929
0.429257
0.429267
0.429256
0.429255
0.429265
0.429336
0.42935
0.429405
0.429454
0.429451
0.429512
0.429473
0.429411
0.429412
0.429437
