0.866279
0.829305
0.836198
0.827322
0.831515
0.82906
0.822595
0.824496
0.828203
0.826292
0.813122
0.800247
0.788114
0.780997
0.774129
0.766729
0.760442
0.754858
0.751532
0.748957
0.739279
0.732773
0.724886
0.717894
0.710743
0.703725
0.698663
0.69257
0.687956
0.684179
0.676954
0.670236
0.664653
0.659127
0.6534
0.647185
0.640344
0.636378
0.631828
0.62672
0.621396
0.616132
0.611323
0.60611
0.602446
0.598887
0.594567
0.590496
0.586205
0.5823
0.577317
0.573591
0.569641
0.565372
0.561938
0.558715
0.555134
0.551694
0.548303
0.545842
0.542644
0.539507
0.536293
0.533857
0.531121
0.528797
0.526634
0.524316
0.521837
0.519097
0.517124
0.516166
0.514691
0.512782
0.510783
0.508885
0.507204
0.504912
0.502721
0.499888
0.498618
0.497526
0.496424
0.495137
0.494296
0.492819
0.49185
0.491016
0.489792
0.488808
0.488917
0.488287
0.488403
0.488262
0.488163
0.488693
0.488606
0.488476
0.488619
0.488251
0.487756
0.487851
0.488263
0.487524
0.487239
0.487023
0.48661
0.486746
0.486364
0.486357
0.486555
0.486472
0.486733
0.487293
0.487433
0.487157
0.486965
0.4872
0.487075
0.487426
0.487424
0.487075
0.487237
0.486859
0.486525
0.486296
0.486198
0.48614
0.485977
0.485975
0.485671
0.485403
0.485185
0.484744
0.484785
0.484601
0.484704
0.484705
0.484336
0.483774
0.483636
0.483798
0.48373
0.483783
0.483586
0.483437
0.483197
0.483084
0.482999
0.483132
0.483183
0.483442
0.482372
0.482055
0.481957
0.481949
0.48198
0.482157
0.48207
0.480196
0.479815
0.479526
0.479072
0.478851
0.478398
0.478294
0.47826
0.478048
0.477445
0.476888
0.476712
0.47641
0.476169
0.475811
0.475463
0.474957
0.475035
0.474548
0.474549
0.474395
0.474315
0.473822
0.473322
0.47278
0.472368
0.471268
0.471043
0.470845
0.470515
0.470366
0.47013
0.470184
0.470134
0.47002
0.470082
0.469973
0.469704
0.46961
0.469453
0.469261
0.468893
0.468823
0.468712
0.468504
0.468174
0.467874
0.467712
0.467476
0.467263
0.467134
0.467056
0.466774
0.466532
0.466286
0.466298
0.46632
0.466271
0.466138
0.465935
0.465709
0.465556
0.465385
0.465392
0.465131
0.464911
0.464232
0.464227
0.464074
0.463754
0.463433
0.463359
0.463216
0.462956
0.462845
0.462737
0.462528
0.462323
0.46217
0.461865
0.461593
0.461459
0.461338
0.461139
0.461101
0.461176
0.460769
0.460627
0.460271
0.460191
0.460036
0.459846
0.459799
0.45952
0.459562
0.459658
0.459512
0.459508
0.459237
0.459197
0.458889
0.458951
0.458978
0.458935
0.459166
0.459333
0.459291
0.459228
0.459291
0.459282
0.459382
0.459484
0.459649
0.459863
0.46001
0.460006
0.460263
0.460386
0.460653
0.460781
0.461093
0.461236
0.461371
0.461463
0.461808
0.462022
0.46188
0.461952
0.46203
0.462289
0.462042
0.46202
0.462013
0.462078
0.462105
0.462053
0.462083
0.462125
0.461822
0.46177
0.461911
0.461907
0.46208
0.461914
0.462062
0.462071
0.462184
0.462089
0.461767
0.46181
0.46196
0.462111
0.46221
0.46212
0.462178
0.462008
0.462113
0.462213
0.462316
0.462408
0.462347
0.462467
0.462328
0.462381
0.462299
0.462331
0.462442
0.462505
0.462448
0.462413
0.462609
0.462677
0.462888
0.462596
0.462635
0.462723
0.462692
0.462809
0.462615
0.462701
0.462807
0.462812
0.462789
0.462889
0.46296
0.462946
0.463006
0.463032
0.463078
0.463097
0.463141
0.46318
0.463056
0.46297
0.462949
0.46304
0.463022
0.463
0.463149
0.463115
0.463278
0.463168
0.463123
0.463334
0.463504
0.463515
0.463437
0.4636
0.463788
0.463988
0.463968
0.463905
0.463874
0.463772
0.463774
0.463681
0.463734
0.46383
0.463855
0.463798
0.463847
0.463848
0.463828
0.463916
0.464029
0.46394
0.463925
0.46374
0.46359
0.463087
0.463067
0.463123
0.463166
0.463194
0.463391
0.463395
0.463478
0.46355
0.463611
0.463661
0.463733
0.463898
0.464012
0.464033
0.464074
0.464189
0.464264
0.46434
0.464551
0.46464
0.464698
0.4649
0.464876
0.464852
0.464977
0.465094
0.465051
0.465062
0.465224
0.465422
0.465449
0.465526
0.465589
0.465606
0.465641
0.46566
0.465747
0.465669
0.465554
0.465593
0.465685
0.46574
0.465825
0.465888
0.465986
0.465941
0.465982
0.466051
0.466103
0.46609
0.466143
0.466199
0.466031
0.465053
0.464834
0.464954
0.465089
0.46498
0.464962
0.464754
0.464736
0.464742
0.464729
0.46476
0.464658
0.464811
0.464827
0.464925
0.464923
0.464922
0.464996
0.46506
0.465034
0.465102
0.465198
0.465249
0.465345
0.465281
0.465248
0.464834
0.46468
0.464727
0.464675
0.464646
0.464522
0.464429
0.464494
0.464533
0.464576
0.464587
0.464571
0.464644
0.464691
0.46467
0.464728
0.464719
0.464664
0.464533
0.464511
0.464543
0.464642
0.464627
0.464566
0.464501
0.464475
0.464582
0.464544
0.46457
0.464498
0.46444
0.464367
0.464195
0.464253
0.464284
0.464356
0.464369
0.464392
0.464437
0.464442
0.464424
0.464344
0.464334
0.464382
0.464504
0.464509
0.464601
0.464641
0.464571
0.464612
0.464614
0.464595
0.464618
0.464597
0.464696
0.46483
0.46485
0.464748
0.464772
0.464783
0.464803
0.464817
0.464795
0.464831
0.464797
0.46469
0.464617
0.464628
0.464586
0.464709
0.464747
0.464851
0.464934
0.464951
0.464718
0.463835
0.463438
0.463363
0.46342
0.463329
0.463371
0.463157
0.46312
0.463026
0.462929
0.462942
0.462836
0.462901
0.462956
0.462842
0.462808
0.46271
0.462634
0.46264
0.46233
0.461567
0.461463
0.461485
0.461534
0.461443
0.461406
0.461219
0.461008
0.461042
0.461056
0.461037
0.461082
0.461082
0.461036
0.460989
0.461004
0.460996
0.460977
0.460994
0.460903
0.460843
0.460848
0.460845
0.460777
0.460716
0.460695
0.460585
0.460654
0.460657
0.460527
0.460567
0.460537
0.460498
0.460465
0.460531
0.46047
0.460469
0.460396
0.460372
0.46034
0.460353
0.460299
0.460284
0.460329
0.4603
0.460242
0.460114
0.460015
0.459973
0.459995
0.459969
0.459959
0.459939
0.459973
0.459919
0.459759
0.459739
0.459629
0.459537
0.459552
0.459579
0.459488
0.45947
0.459499
0.459479
0.459402
0.459359
0.459312
0.45926
0.459216
0.459217
0.459203
0.459182
0.459133
0.45907
0.458963
0.459065
0.459015
0.458972
0.458914
0.458901
0.458859
0.458785
0.458795
0.458791
0.458776
0.458455
0.458466
0.458392
0.458368
0.458365
0.458346
0.458297
0.458347
0.458307
0.458098
0.458033
0.458014
0.458045
0.458027
0.458032
0.458023
0.457886
0.457871
0.457866
0.457838
0.457873
0.457836
0.457839
0.457749
0.457644
0.457637
0.457563
0.457465
0.457393
0.457435
0.457435
0.457508
0.457432
0.457506
0.457463
0.457461
0.457431
0.457437
0.457402
0.457268
0.457317
0.457331
0.457331
0.457298
0.457114
0.457097
0.457053
0.457085
0.457096
0.45713
0.457146
0.457179
0.457204
0.457204
0.457224
0.457208
0.45723
0.457151
0.45722
0.457228
0.457276
0.457309
0.457327
0.457275
0.456946
0.456937
0.456969
0.456919
0.456905
0.456883
0.456803
0.456781
0.456747
0.456762
0.456788
0.456734
0.456703
0.456693
0.456632
0.456648
0.456664
0.456755
0.456668
0.456623
0.456625
0.456594
0.456615
0.456597
0.456588
0.45655
0.456598
0.456532
0.456578
0.456556
0.456542
0.456586
0.456592
0.456585
0.456552
0.456569
0.456641
0.456661
0.456649
0.456771
0.456734
0.456702
0.456683
0.456566
0.456709
0.456757
0.456784
0.456759
0.456805
0.456773
0.456812
0.456782
0.456902
0.456901
0.457028
0.457082
0.457115
0.457126
0.457075
0.457084
0.457148
0.457136
0.457208
0.457245
0.4573
0.457252
0.457281
0.457378
0.457435
0.457438
0.457412
0.457489
0.457571
0.457589
0.457625
0.457586
0.457647
0.45766
0.457701
0.457739
0.457773
0.457807
0.457784
0.457837
0.457871
0.457949
0.457995
0.458071
0.45812
0.45817
0.458246
0.458295
0.458278
0.458346
0.458452
0.458494
0.458593
0.458616
0.458691
0.458715
0.458776
0.458819
0.458867
0.458826
0.458869
0.458972
0.459062
0.459116
0.459125
0.459189
0.459251
0.459383
0.45945
0.459466
0.459517
0.459538
0.459622
0.459678
0.459729
0.459784
0.459837
0.459911
0.459981
0.460007
0.460018
0.460081
0.460089
0.460101
0.460199
0.460255
0.460348
0.460403
0.460366
0.460352
0.460421
0.460491
0.460474
0.460146
0.460207
0.460232
0.460269
0.460304
0.460433
0.460466
0.460527
0.460547
0.460516
0.460516
0.460528
0.460543
0.460467
0.460499
0.4605
0.460521
0.460606
0.460642
0.460647
0.46044
0.460111
0.460179
0.460246
0.460239
0.460281
0.460324
0.460305
0.460305
0.46033
0.460344
0.460364
0.460367
0.460399
0.460463
0.460463
0.460439
0.460435
0.460423
0.460411
0.460418
0.460331
0.460367
0.460362
0.460386
0.460448
0.460458
0.460503
0.460473
0.460581
0.460644
0.4607
0.460709
0.460486
0.460466
0.460462
0.460449
0.460437
0.460452
0.460509
0.460512
0.460547
0.460487
0.460495
0.46053
0.460551
0.460596
0.460631
0.460644
0.460587
0.46047
0.460394
0.460401
0.460464
0.460152
0.459993
0.460108
0.460091
0.460082
0.460046
0.460017
0.460099
0.460106
0.460103
0.460133
0.460152
0.460196
0.460217
0.460277
0.460309
0.460318
0.460297
0.460377
0.460418
0.460409
0.460411
0.460415
0.460487
0.460456
0.460459
0.460447
0.460467
0.460503
0.460581
0.460602
0.460689
0.460742
0.460743
0.460712
0.460787
0.460788
0.460797
0.460797
0.460811
0.460806
0.460884
0.460951
0.460935
0.461011
0.461063
0.461104
0.461162
0.461205
0.461162
0.461224
0.46126
0.461296
0.461361
0.461332
0.461331
0.461361
0.4614
0.461426
0.46148
0.461485
0.461549
0.461598
0.461495
0.461482
0.461525
