0
0.522088
0.504606
0.509202
0.513306
0.510931
0.512803
0.520803
0.522392
0.519404
0.508854
0.506786
0.503415
0.504139
0.502721
0.503956
0.505217
0.506918
0.506612
0.509826
0.512456
0.511707
0.514494
0.51393
0.511589
0.512096
0.514398
0.515957
0.517064
0.517876
0.518336
0.518528
0.519406
0.518969
0.519021
0.519658
0.519856
0.518793
0.518659
0.517512
0.51726
0.517777
0.517379
0.519277
0.519604
0.521005
0.521889
0.522224
0.520643
0.520153
0.519943
0.518196
0.51887
0.518551
0.517066
0.516142
0.514742
0.515322
0.514894
0.514438
0.514081
0.512188
0.51172
0.511095
0.510382
0.510144
0.50944
0.50878
0.508884
0.507069
0.50613
0.505515
0.504641
0.504311
0.503703
0.503414
0.503001
0.501528
0.501346
0.50088
0.500532
0.499369
0.498719
0.498529
0.498562
0.498226
0.498032
0.497645
0.497411
0.497231
0.495533
0.494892
0.494189
0.49229
0.491336
0.490814
0.490459
0.489746
0.489811
0.48954
0.489387
0.489242
0.488541
0.48453
0.483824
0.482945
0.482625
0.481826
0.481687
0.480915
0.480468
0.479528
0.478697
0.477535
0.476829
0.476061
0.475562
0.47537
0.474838
0.473701
0.473351
0.472905
0.472273
0.472044
0.471255
0.470729
0.469714
0.469418
0.46856
0.468109
0.467823
0.467404
0.466967
0.466517
0.466254
0.465961
0.465475
0.465323
0.465286
0.464648
0.464192
0.464095
0.463653
0.463677
0.463552
0.463532
0.463439
0.463576
0.463255
0.463128
0.462358
0.462268
0.46186
0.461565
0.461325
0.460808
0.460687
0.460397
0.460201
0.459988
0.459633
0.459355
0.459141
0.459207
0.458897
0.458777
0.458712
0.457981
0.458075
0.458158
0.457843
0.457712
0.457419
0.457468
0.457239
0.456816
0.456515
0.45609
0.456032
0.455815
0.455393
0.455199
0.455418
0.45521
0.454995
0.454397
0.454127
0.453944
0.454044
0.453804
0.453875
0.453771
0.453583
0.453429
0.453672
0.453737
0.453647
0.453647
0.453804
0.453564
0.453374
0.453228
0.453096
0.453082
0.452853
0.452602
0.452418
0.452254
0.452313
0.452365
0.452311
0.452393
0.45247
0.452354
0.452406
0.452337
0.451699
0.451493
0.451398
0.451454
0.451347
0.45128
0.451078
0.450972
0.450628
0.450597
0.450633
0.450636
0.450504
0.450412
0.450482
0.450563
0.450451
0.450463
0.4503
0.450421
0.450347
0.450421
0.450486
0.450502
0.450347
0.450529
0.450423
0.450477
0.450325
0.450113
0.450059
0.449825
0.449825
0.449435
0.449338
0.449471
0.449477
0.449371
0.449229
0.449344
0.449483
0.449792
0.449576
0.449558
0.449501
0.449406
0.449384
0.449383
0.449123
0.4491
0.449221
0.449083
0.448898
0.448911
0.448501
0.44871
0.448834
0.448612
0.448672
0.448729
0.448827
0.448877
0.448739
0.44876
0.448742
0.448747
0.448772
0.448777
0.448647
0.448473
0.448486
0.448522
0.448428
0.448386
0.448446
0.448459
0.448347
0.448273
0.448421
0.448473
0.448494
0.448437
0.448434
0.448432
0.448386
0.448164
0.448172
0.448181
0.448226
0.448256
0.448297
0.448302
0.448238
0.448233
0.448303
0.44824
0.448222
0.448288
0.448256
0.448324
0.448407
0.448384
0.447461
0.446331
0.445031
0.444218
0.444121
0.443975
0.443959
0.443629
0.443525
0.443558
0.443569
0.443452
0.443316
0.443225
0.443135
0.443156
0.443154
0.443138
0.442925
0.442801
0.4426
0.442574
0.44257
0.442346
0.442288
0.442184
0.44195
0.441834
0.441854
0.44161
0.441409
0.441388
0.441352
0.441249
0.44124
0.44131
0.441265
0.441171
0.441118
0.441135
0.441181
0.441161
0.441054
0.440923
0.440649
0.44047
0.440361
0.440365
0.440336
0.440119
0.439966
0.439931
0.440061
0.440089
0.440127
0.440071
0.440149
0.440132
0.440041
0.43991
0.439811
0.439644
0.43973
0.439716
0.439637
0.439644
0.439637
0.439607
0.439589
0.439549
0.439392
0.439437
0.439395
0.439284
0.439262
0.439188
0.439065
0.439001
0.438762
0.438628
0.438608
0.438518
0.438555
0.438509
0.438498
0.438428
0.438423
0.438432
0.438517
0.438493
0.438495
0.438453
0.438395
0.438408
0.438221
0.438293
0.437995
0.438006
0.437992
0.437769
0.437645
0.437642
0.437662
0.437587
0.437705
0.4376
0.4375
0.437349
0.437336
0.437324
0.43731
0.437279
0.437327
0.43729
0.437248
0.437229
0.437227
0.437022
0.436829
0.436842
0.436765
0.436678
0.436525
0.436583
0.436513
0.436463
0.436447
0.436474
0.436065
0.435212
0.43434
0.433502
0.432618
0.43257
0.43255
0.432461
0.432327
0.432284
0.432114
0.432002
0.431935
0.431854
0.431681
0.431636
0.431538
0.431414
0.43143
0.431393
0.431425
0.431415
0.43141
0.431433
0.431333
0.431134
0.430974
0.430938
0.43086
0.430761
0.430693
0.430644
0.430617
0.430526
0.430456
0.430305
0.430277
0.430237
0.430184
0.430014
0.429867
0.429833
0.429858
0.429808
0.429817
0.429737
0.429602
0.429562
0.429527
0.42946
0.429483
0.429446
0.429272
0.429205
0.429176
0.429191
0.429096
0.429037
0.429006
0.428852
0.428782
0.428729
0.428657
0.42859
0.428612
0.42842
0.428259
0.428109
0.428053
0.428055
0.428051
0.428039
0.42784
0.42773
0.427669
0.427658
0.427675
0.427688
0.427747
0.427567
0.427583
0.427472
0.427425
0.427332
0.427252
0.427244
0.427159
0.427141
0.427105
0.42712
0.427125
0.427034
0.427012
0.426951
0.426873
0.426875
0.426768
0.426774
0.426705
0.426681
0.426644
0.426571
0.426563
0.426521
0.426436
0.426317
0.426241
0.426079
0.426043
0.425984
0.425972
0.425778
0.425658
0.425653
0.425616
0.425537
0.425475
0.425505
0.425445
0.42538
0.425307
0.425246
0.425297
0.425315
0.425244
0.4252
0.425109
0.425033
0.425091
0.425054
0.425026
0.424969
0.424867
0.424809
0.424746
0.42473
0.424503
0.424481
0.424508
0.424426
0.424395
0.424308
0.424284
0.42425
0.424216
0.424158
0.42416
0.424191
0.424164
0.424125
0.424063
0.424049
0.424066
0.42405
0.423982
0.423847
0.423792
0.423826
0.423829
0.423834
0.423669
0.423516
0.42357
0.423517
0.423454
0.423423
0.423394
0.423342
0.423189
0.42313
0.423087
0.423147
0.423079
0.42305
0.423088
0.423073
0.422811
0.422791
0.422751
0.422707
0.422718
0.422605
0.422609
0.422617
0.422537
0.422563
0.42259
0.422572
0.422572
0.422222
0.421629
0.421435
0.421389
0.421353
0.421366
0.421327
0.421337
0.421266
0.421364
0.421356
0.421335
0.421289
0.421308
0.421295
0.421216
0.421239
0.421167
0.421157
0.421081
0.421175
0.421106
0.420706
0.42014
0.419508
0.418927
0.418833
0.418712
0.418647
0.418521
0.418447
0.418408
0.41837
0.418366
0.418332
0.418321
0.418287
0.418173
0.418136
0.418083
0.418039
0.417982
0.417987
0.417851
0.417885
0.417781
0.417776
0.417722
0.417707
0.417742
0.417683
0.417673
0.417626
0.417559
0.417546
0.417541
0.417462
0.417437
0.417418
0.417327
0.417243
0.417206
0.417141
0.417104
0.417077
0.41712
0.417112
0.417106
0.417044
0.416965
0.416958
0.41686
0.416781
0.416749
0.416631
0.416548
0.416514
0.416493
0.416458
0.416423
0.416351
0.41624
0.416187
0.416109
0.416042
0.416046
0.416037
0.41603
0.415992
0.415951
0.415854
0.415829
0.415779
0.415799
0.415787
0.415589
0.415533
0.415477
0.415462
0.415498
0.415525
0.415556
0.415487
0.415436
0.415502
0.415475
0.415428
0.415428
0.415379
0.415212
0.414964
0.414906
0.414825
0.414832
0.414754
0.414765
0.414739
0.414651
0.414662
0.414671
0.414667
0.414662
0.414624
0.414603
0.414349
0.414319
0.413997
0.413815
0.413785
0.413767
0.413722
0.413709
0.413698
0.413689
0.413643
0.413582
0.413494
0.413475
0.413428
0.413442
0.413431
0.413353
0.413327
0.413288
0.413244
0.413161
0.412976
0.412893
0.412883
0.412861
0.412871
0.412882
0.412847
0.412807
0.412792
0.412769
0.41277
0.412755
0.412718
0.412675
0.412609
0.412616
0.412642
0.412614
0.412603
0.412559
0.412541
0.412474
0.412392
0.412376
0.412343
0.412367
0.412372
0.412397
0.41239
0.412331
0.412283
0.412247
0.412219
0.412149
0.412164
0.412095
0.41213
0.412085
0.41206
0.412013
0.412028
0.412072
0.412029
0.41201
0.411992
0.411997
0.411998
0.411927
0.411893
0.411955
0.411945
0.411927
0.411903
0.41186
0.41187
0.411893
0.411837
0.411777
0.41179
0.411815
0.411601
0.411304
0.411287
0.411292
0.411265
0.411251
0.411214
0.411153
0.411125
0.411081
0.411073
0.411045
0.411048
0.410995
0.410923
0.410882
0.410865
0.410823
0.41081
0.41078
0.410741
0.410722
0.410704
0.410652
0.410677
0.410717
0.410726
0.410612
0.410599
0.410551
0.410529
0.410559
0.410564
0.410562
0.410477
0.410447
0.410374
0.410397
0.410299
0.410304
0.410262
0.410203
0.410181
0.410176
0.410144
0.41015
0.410129
0.410106
0.410103
0.410063
0.41003
0.410044
0.410014
0.409937
0.409875
0.409889
0.409911
0.409959
0.40997
0.409964
0.409977
0.410017
0.409965
0.410012
0.409961
0.409918
0.409906
0.409937
0.409974
0.409991
0.409987
0.409973
0.409932
0.40991
0.409935
0.409875
0.409881
0.409846
0.409878
0.409809
0.409809
0.409786
0.409771
0.409747
0.409756
0.409769
0.409752
0.409675
0.409709
0.409739
0.409754
0.409765
0.409727
0.4097
0.409659
0.409642
0.409632
0.409637
0.409653
0.409694
0.409662
0.409634
0.409597
0.409593
0.409394
0.409401
0.409386
0.409373
0.409422
0.409342
0.409344
0.409344
0.409306
0.409338
0.409308
0.409322
0.409304
0.409292
0.409279
0.409238
0.409299
0.409268
0.409235
0.409274
0.409245
0.40923
0.409212
0.409178
0.40919
0.409204
0.40923
0.409226
0.40921
0.409163
0.409145
0.409136
0.409135
0.409128
0.40909
0.409101
0.409062
0.409041
0.409084
0.409041
0.40905
0.409038
0.409009
0.408964
0.408983
0.408987
0.408981
0.408946
0.408992
0.408991
0.408916
0.4089
0.408879
0.408896
0.408895
0.408868
