0
0.322709
0.352884
0.375082
0.391984
0.403162
0.41062
0.411451
0.420147
0.42338
0.415176
0.411344
0.412893
0.415073
0.41496
0.415533
0.417208
0.417951
0.419351
0.418521
0.420219
0.421234
0.420396
0.42172
0.425696
0.427295
0.425336
0.425952
0.426723
0.427038
0.427362
0.427181
0.426679
0.427018
0.428462
0.430368
0.429604
0.428622
0.428014
0.428106
0.427765
0.427245
0.42645
0.426539
0.428067
0.428042
0.42868
0.428596
0.427177
0.427021
0.425729
0.424796
0.424575
0.424621
0.423206
0.422989
0.421153
0.420933
0.420187
0.419725
0.419564
0.417532
0.417615
0.417381
0.416663
0.415867
0.415653
0.415013
0.41434
0.412645
0.411737
0.411346
0.410866
0.410711
0.410604
0.410402
0.41034
0.410137
0.409964
0.409054
0.409387
0.408751
0.408502
0.40831
0.408095
0.407071
0.40691
0.406678
0.406149
0.405845
0.404866
0.404752
0.404048
0.403049
0.402309
0.40209
0.401855
0.401643
0.401476
0.40082
0.400469
0.399989
0.399843
0.396313
0.395347
0.394569
0.394142
0.393608
0.392665
0.392194
0.391245
0.390817
0.390337
0.389451
0.388798
0.388375
0.387968
0.387857
0.387687
0.386815
0.386652
0.386285
0.385522
0.385396
0.385063
0.384925
0.384255
0.384125
0.383677
0.383232
0.383202
0.382925
0.382666
0.382243
0.381775
0.381755
0.381583
0.381473
0.381246
0.380838
0.380765
0.380565
0.380296
0.379926
0.379542
0.379339
0.378944
0.378596
0.378452
0.378287
0.377489
0.377037
0.376787
0.376505
0.37609
0.375551
0.375142
0.374706
0.374358
0.374304
0.374386
0.373983
0.37392
0.37352
0.373375
0.373451
0.37312
0.372457
0.372214
0.371883
0.371801
0.371768
0.371647
0.371349
0.370992
0.370769
0.370554
0.370251
0.370074
0.37002
0.369833
0.369756
0.369748
0.369252
0.369127
0.369148
0.369133
0.369204
0.369024
0.368825
0.368762
0.368846
0.368577
0.368371
0.368349
0.368264
0.368256
0.368184
0.368251
0.368137
0.368041
0.368095
0.367789
0.367616
0.367763
0.367701
0.367641
0.367505
0.367465
0.367317
0.366989
0.366864
0.366825
0.366775
0.366826
0.366625
0.366039
0.365923
0.365833
0.365578
0.365482
0.365243
0.365385
0.365444
0.365431
0.365328
0.365333
0.365098
0.364876
0.365016
0.364959
0.364842
0.36487
0.365088
0.365037
0.364988
0.365073
0.364812
0.364582
0.364608
0.364381
0.364376
0.364303
0.364153
0.363943
0.363974
0.363969
0.363872
0.36372
0.363604
0.363643
0.363764
0.363715
0.36374
0.363719
0.363793
0.363669
0.363806
0.363833
0.363667
0.363603
0.363594
0.363476
0.363497
0.363354
0.363294
0.363244
0.363287
0.363291
0.363163
0.36271
0.362656
0.362611
0.362424
0.362402
0.362329
0.362308
0.362448
0.362457
0.362424
0.362474
0.362536
0.362414
0.36247
0.362532
0.362485
0.362669
0.362532
0.362504
0.362545
0.362383
0.362424
0.362575
0.362717
0.362751
0.362643
0.362784
0.36283
0.362864
0.363009
0.362933
0.36274
0.362686
0.362745
0.362715
0.362667
0.362512
0.36253
0.362553
0.362563
0.362627
0.362536
0.362654
0.362608
0.362507
0.362561
0.362587
0.36259
0.361745
0.36066
0.359567
0.35892
0.358748
0.358687
0.358625
0.358572
0.358362
0.358219
0.358066
0.357883
0.357763
0.357757
0.357753
0.357757
0.357741
0.357564
0.357411
0.357229
0.357126
0.356875
0.356806
0.356772
0.356722
0.356615
0.356403
0.356274
0.356319
0.356185
0.356182
0.356152
0.356084
0.356081
0.356048
0.356071
0.356051
0.355933
0.355756
0.355732
0.355628
0.355535
0.355353
0.355306
0.355281
0.355282
0.355187
0.354996
0.354977
0.355037
0.354949
0.354984
0.354906
0.354772
0.354762
0.354823
0.354863
0.354971
0.354956
0.354843
0.354865
0.35472
0.354811
0.354829
0.354886
0.354799
0.354803
0.354718
0.354715
0.354643
0.354616
0.354562
0.354504
0.354422
0.35454
0.354364
0.354441
0.354506
0.354348
0.354336
0.354277
0.354325
0.354147
0.354009
0.354072
0.353898
0.353751
0.353676
0.353639
0.353593
0.353504
0.353434
0.353386
0.353297
0.353231
0.353203
0.352923
0.35297
0.352999
0.352749
0.352595
0.352559
0.352612
0.352569
0.352539
0.35249
0.352483
0.352518
0.35252
0.35231
0.352264
0.352201
0.352189
0.352177
0.352168
0.352131
0.352092
0.352044
0.351988
0.35195
0.351909
0.351771
0.351738
0.35169
0.351728
0.351779
0.351788
0.351777
0.351389
0.350578
0.349826
0.349138
0.348417
0.348317
0.348256
0.348256
0.348301
0.348213
0.348046
0.348026
0.348002
0.347787
0.347673
0.347548
0.347421
0.34727
0.34717
0.347145
0.347133
0.347065
0.346999
0.347016
0.346945
0.346842
0.346687
0.346609
0.346554
0.346573
0.34661
0.346578
0.346568
0.346497
0.346352
0.346321
0.346295
0.346234
0.34617
0.346051
0.346016
0.345961
0.345923
0.345906
0.3458
0.345717
0.345723
0.345661
0.345593
0.345526
0.345574
0.345611
0.345382
0.345376
0.345323
0.345189
0.345043
0.345021
0.344919
0.344782
0.344792
0.344779
0.344791
0.344684
0.344594
0.344482
0.344308
0.344312
0.344281
0.344242
0.344148
0.344171
0.344229
0.344191
0.343961
0.343978
0.343901
0.343883
0.343836
0.343749
0.343623
0.343565
0.343492
0.343511
0.343415
0.343347
0.343195
0.343159
0.34312
0.343051
0.343079
0.343013
0.342948
0.342798
0.34279
0.342745
0.342812
0.342845
0.342815
0.342829
0.342837
0.342886
0.34284
0.342799
0.342786
0.342763
0.342799
0.342695
0.342645
0.342614
0.342537
0.34241
0.342226
0.342155
0.342109
0.342072
0.342083
0.342079
0.34215
0.342201
0.342159
0.342012
0.341949
0.341898
0.341946
0.341937
0.341938
0.341881
0.34193
0.341923
0.341865
0.341947
0.341917
0.341895
0.341911
0.341848
0.341653
0.341609
0.341634
0.341663
0.341705
0.341691
0.341698
0.341619
0.341633
0.341581
0.341611
0.341678
0.341687
0.341748
0.341653
0.341633
0.341631
0.341611
0.341592
0.341463
0.341431
0.341423
0.341341
0.341279
0.341199
0.34105
0.341068
0.341078
0.341008
0.340942
0.340914
0.340927
0.340747
0.340651
0.34058
0.340599
0.340576
0.340659
0.34063
0.340651
0.340458
0.340474
0.34045
0.340397
0.340454
0.340453
0.340378
0.340409
0.340508
0.340578
0.340605
0.340623
0.340632
0.340297
0.339781
0.339576
0.339507
0.339501
0.339439
0.33939
0.33932
0.339222
0.339235
0.339285
0.339251
0.33923
0.33916
0.339125
0.339106
0.339103
0.339036
0.33906
0.33899
0.338993
0.339025
0.338699
0.338203
0.337685
0.337205
0.337174
0.337088
0.337019
0.336924
0.336853
0.336738
0.336678
0.336609
0.336554
0.336484
0.336468
0.336429
0.33646
0.336384
0.336344
0.336217
0.336282
0.336212
0.336238
0.336142
0.336136
0.336057
0.335988
0.336032
0.336021
0.33606
0.335993
0.335927
0.335853
0.33578
0.335736
0.335752
0.33569
0.335598
0.335577
0.335598
0.335608
0.335554
0.335496
0.335528
0.335515
0.335481
0.335446
0.33531
0.335269
0.335245
0.335221
0.33519
0.33514
0.335154
0.335156
0.335155
0.335173
0.33516
0.335045
0.334984
0.334939
0.33492
0.334919
0.334918
0.334895
0.334887
0.334831
0.334808
0.334758
0.334712
0.334662
0.33461
0.334648
0.334549
0.334522
0.334501
0.334494
0.334425
0.33436
0.334334
0.334273
0.334323
0.33429
0.334226
0.334198
0.334182
0.334096
0.333943
0.333679
0.333651
0.333636
0.333649
0.333581
0.333543
0.333569
0.333588
0.333599
0.333554
0.333499
0.333541
0.333489
0.333454
0.333221
0.333129
0.332832
0.332633
0.332625
0.332527
0.332461
0.332395
0.33239
0.332397
0.332312
0.332285
0.332229
0.33216
0.332157
0.332106
0.332054
0.332063
0.332001
0.332005
0.331899
0.3319
0.331707
0.331693
0.331601
0.331525
0.331512
0.331461
0.331464
0.331439
0.331488
0.331384
0.331365
0.331279
0.331258
0.33121
0.331116
0.331103
0.33101
0.330984
0.33095
0.330875
0.330864
0.330842
0.330861
0.330821
0.330789
0.330743
0.330772
0.330777
0.330762
0.330742
0.330717
0.330716
0.330644
0.330581
0.330605
0.330604
0.330562
0.330547
0.330555
0.330505
0.330481
0.330417
0.330433
0.330394
0.330322
0.330345
0.330307
0.330329
0.330286
0.330262
0.33028
0.330283
0.330221
0.330252
0.330268
0.330236
0.330205
0.330197
0.330154
0.33016
0.329962
0.329715
0.329713
0.329678
0.329695
0.329692
0.329717
0.329669
0.329665
0.329643
0.329609
0.329592
0.329554
0.329508
0.329463
0.32948
0.329441
0.329451
0.329474
0.329424
0.329395
0.329382
0.329383
0.329403
0.329376
0.329345
0.329362
0.329328
0.329241
0.329231
0.329203
0.329186
0.329147
0.329138
0.32905
0.329045
0.329077
0.329023
0.328983
0.328966
0.328969
0.328946
0.328876
0.328822
0.328794
0.328779
0.328765
0.328745
0.328814
0.328833
0.328837
0.328803
0.328779
0.328734
0.328715
0.328675
0.328697
0.328685
0.328688
0.328653
0.328621
0.328662
0.328692
0.328691
0.328641
0.32867
0.328623
0.328588
0.328629
0.328585
0.328526
0.328492
0.328468
0.328487
0.328524
0.328493
0.328452
0.328458
0.328484
0.32851
0.328491
0.328447
0.328404
0.328365
0.328389
0.328365
0.328376
0.32832
0.328292
0.328274
0.32831
0.328311
0.328285
0.328257
0.32825
0.328284
0.328254
0.32826
0.328247
0.328201
0.328224
0.328178
0.3282
0.328223
0.328062
0.328021
0.328068
0.328098
0.328117
0.328053
0.328046
0.328089
0.328074
0.328057
0.328055
0.327979
0.327964
0.32794
0.32791
0.327892
0.327857
0.32789
0.327891
0.32788
0.327869
0.327894
0.327886
0.327902
0.327887
0.327897
0.327881
0.327898
0.327911
0.327942
0.327873
0.327871
0.327814
0.327826
0.327831
0.327848
0.327835
0.32783
0.327825
0.32781
0.327787
0.327828
0.327871
0.327867
0.327813
0.327853
0.327786
0.327826
0.327812
0.327801
0.32782
0.32785
0.327846
0.327811
0.327769
0.327762
