0.841121
0.826154
0.811203
0.813456
0.816547
0.822948
0.825611
0.821574
0.817797
0.817077
0.797645
0.789084
0.780055
0.773054
0.768133
0.762942
0.755804
0.750413
0.743542
0.739428
0.730742
0.723468
0.71495
0.708617
0.700998
0.695637
0.688796
0.684171
0.679803
0.673911
0.667179
0.659804
0.652558
0.647617
0.641683
0.636634
0.630623
0.624765
0.619534
0.613481
0.60691
0.601673
0.596333
0.592005
0.587155
0.583393
0.579549
0.574908
0.571559
0.567579
0.561795
0.557434
0.554042
0.550451
0.546577
0.542924
0.539862
0.535893
0.532225
0.529268
0.526331
0.523293
0.520693
0.517499
0.515117
0.512558
0.50963
0.506999
0.504688
0.502374
0.499135
0.497107
0.494906
0.492732
0.490194
0.488358
0.486167
0.483831
0.481765
0.479539
0.478515
0.47737
0.475266
0.473583
0.472155
0.470834
0.470143
0.46902
0.467928
0.46743
0.467426
0.46656
0.461717
0.461151
0.460988
0.460599
0.460221
0.460181
0.459704
0.459832
0.459758
0.460096
0.460058
0.459945
0.460224
0.46012
0.459927
0.460542
0.459377
0.459223
0.459312
0.459475
0.459455
0.4594
0.459459
0.459206
0.459184
0.459001
0.459036
0.459157
0.459335
0.459379
0.459277
0.459178
0.459508
0.459305
0.459004
0.459007
0.459176
0.45918
0.458858
0.459005
0.45895
0.458719
0.458722
0.458475
0.458899
0.459027
0.458591
0.458334
0.458127
0.458152
0.457709
0.45773
0.457526
0.457511
0.457686
0.457244
0.456864
0.457215
0.457184
0.457247
0.457013
0.456763
0.456755
0.45647
0.455807
0.45583
0.455902
0.455536
0.455637
0.455417
0.455545
0.455673
0.455562
0.45552
0.455159
0.455101
0.455073
0.454691
0.454925
0.454896
0.454189
0.454317
0.454375
0.454382
0.454605
0.454709
0.454816
0.455056
0.454834
0.454816
0.454883
0.455066
0.455125
0.455262
0.455261
0.455312
0.455377
0.45528
0.455356
0.455306
0.455371
0.455516
0.455744
0.4559
0.455904
0.455931
0.455984
0.455929
0.45596
0.456144
0.456078
0.456166
0.456291
0.455632
0.455522
0.455669
0.45577
0.455679
0.45553
0.455394
0.45559
0.455553
0.455696
0.455842
0.456028
0.455924
0.456024
0.456213
0.456226
0.456219
0.456252
0.456343
0.456586
0.456572
0.456578
0.456419
0.456448
0.456488
0.456549
0.456666
0.45686
0.456932
0.457152
0.457374
0.457546
0.457858
0.457723
0.457903
0.45818
0.458417
0.458702
0.45867
0.459037
0.459189
0.45927
0.45925
0.459276
0.45942
0.459553
0.459753
0.459979
0.460262
0.460386
0.460469
0.460452
0.460344
0.460521
0.460107
0.460246
0.460147
0.459958
0.459988
0.459988
0.460022
0.460166
0.460317
0.460356
0.460421
0.460428
0.460511
0.460455
0.460499
0.46029
0.460297
0.460413
0.460557
0.460514
0.460449
0.460522
0.460694
0.460528
0.460559
0.460511
0.460681
0.460647
0.460662
0.460628
0.460792
0.460478
0.460501
0.460653
0.460638
0.460687
0.460603
0.460621
0.460682
0.460727
0.460788
0.460759
0.460806
0.460986
0.46096
0.460932
0.460834
0.460737
0.459559
0.458024
0.456772
0.455756
0.455523
0.455401
0.455141
0.454992
0.454716
0.454558
0.454316
0.454112
0.453784
0.453567
0.453373
0.453255
0.452963
0.45276
0.452584
0.452493
0.452191
0.452082
0.451922
0.451614
0.451413
0.451258
0.450865
0.450486
0.450365
0.450036
0.449705
0.449457
0.449233
0.449114
0.448972
0.448794
0.44861
0.448433
0.448156
0.447857
0.447551
0.447263
0.446892
0.446777
0.446428
0.446131
0.446134
0.445903
0.44575
0.445547
0.445222
0.445015
0.44483
0.44473
0.444567
0.444418
0.444288
0.444115
0.443851
0.443579
0.443535
0.443213
0.443064
0.442997
0.442968
0.442807
0.442682
0.442424
0.442415
0.442343
0.442228
0.442133
0.442056
0.441922
0.441863
0.44139
0.441282
0.44129
0.441081
0.440935
0.440857
0.440742
0.440599
0.440427
0.440358
0.440191
0.43994
0.439766
0.439618
0.439485
0.439469
0.439211
0.439249
0.43924
0.438996
0.438985
0.438602
0.438493
0.438486
0.438076
0.437937
0.437861
0.437699
0.437609
0.437763
0.437962
0.43805
0.438116
0.438111
0.438168
0.438233
0.438284
0.438342
0.438418
0.438598
0.438777
0.438976
0.439031
0.439085
0.439188
0.439232
0.439284
0.439304
0.439438
0.439468
0.439555
0.439568
0.439748
0.439273
0.438358
0.437403
0.436443
0.435495
0.435364
0.435216
0.43507
0.435034
0.435135
0.43497
0.434942
0.434801
0.434746
0.434765
0.434754
0.434805
0.434742
0.434703
0.434614
0.434569
0.434577
0.434478
0.43442
0.434506
0.434373
0.434356
0.434386
0.434439
0.434444
0.434382
0.434257
0.434315
0.434204
0.434166
0.434141
0.434084
0.434029
0.434122
0.434088
0.434131
0.434108
0.434093
0.434045
0.433975
0.433953
0.434035
0.434089
0.434174
0.434062
0.434058
0.43404
0.433873
0.433852
0.433852
0.433785
0.433672
0.433567
0.433531
0.433482
0.433564
0.433546
0.433601
0.433607
0.433519
0.433417
0.433316
0.433206
0.433191
0.433104
0.433118
0.433116
0.433167
0.433089
0.432921
0.43287
0.432761
0.432747
0.432719
0.432671
0.432553
0.432421
0.432336
0.432298
0.432163
0.432163
0.432057
0.432034
0.432061
0.431981
0.431906
0.431845
0.431817
0.431668
0.431634
0.431574
0.43159
0.431529
0.431438
0.431427
0.431458
0.431472
0.431395
0.431462
0.431446
0.431629
0.431798
0.431807
0.431955
0.432044
0.432017
0.431995
0.431933
0.43197
0.432128
0.432159
0.432292
0.432387
0.432498
0.43261
0.432775
0.432746
0.432851
0.432978
0.433049
0.433131
0.433123
0.433104
0.43316
0.43327
0.433444
0.433522
0.433673
0.433757
0.433908
0.433989
0.433811
0.433798
0.433876
0.433971
0.434059
0.434078
0.434159
0.434296
0.434343
0.434403
0.434497
0.434577
0.434706
0.43481
0.434709
0.434778
0.43483
0.434877
0.434954
0.435033
0.435093
0.43529
0.435354
0.43549
0.435304
0.435248
0.435305
0.435353
0.435492
0.435509
0.435613
0.43569
0.435717
0.435737
0.435866
0.435958
0.436037
0.436223
0.43625
0.436383
0.43622
0.436293
0.43651
0.436525
0.436605
0.436664
0.436756
0.436831
0.43696
0.4371
0.437228
0.437388
0.437504
0.437114
0.436476
0.436274
0.436359
0.436466
0.436496
0.436689
0.436835
0.436921
0.436896
0.43706
0.437101
0.437166
0.437225
0.437283
0.437337
0.437399
0.437464
0.437552
0.437577
0.43766
0.437727
0.437246
0.43658
0.435956
0.43532
0.435321
0.435191
0.435158
0.435082
0.435018
0.434939
0.434912
0.434863
0.434816
0.434755
0.434736
0.434625
0.434603
0.434519
0.43448
0.434453
0.434394
0.434299
0.434285
0.434212
0.434199
0.434129
0.43405
0.433989
0.43397
0.433873
0.433778
0.43369
0.433564
0.433552
0.433507
0.433497
0.433436
0.433401
0.433301
0.433256
0.433232
0.433222
0.433212
0.433129
0.433028
0.432994
0.432984
0.432906
0.432837
0.43277
0.432709
0.432662
0.43254
0.432585
0.432535
0.432533
0.432444
0.432403
0.432336
0.432265
0.432166
0.432192
0.432177
0.432193
0.432076
0.431969
0.431909
0.431846
0.431776
0.431704
0.431738
0.431706
0.431704
0.431544
0.431457
0.431424
0.431409
0.431302
0.431264
0.431231
0.431204
0.43114
0.431104
0.431067
0.431011
0.430954
0.430837
0.430584
0.430332
0.430294
0.430287
0.430253
0.430192
0.430156
0.430073
0.430085
0.430006
0.430061
0.429986
0.429993
0.429951
0.429889
0.429609
0.429605
0.429318
0.429096
0.429162
0.429174
0.429156
0.429151
0.429189
0.429197
0.42921
0.429209
0.429287
0.429256
0.429337
0.429424
0.429474
0.429508
0.429598
0.429609
0.429654
0.429657
0.429543
0.429526
0.429565
0.429662
0.429663
0.429736
0.429756
0.42981
0.42982
0.42978
0.429821
0.429901
0.429935
0.429843
0.42984
0.429915
0.429928
0.429956
0.430045
0.430017
0.430056
0.430046
0.430051
0.430099
0.430108
0.430166
0.430183
0.430237
0.430305
0.430303
0.430368
0.43037
0.430422
0.430447
0.430443
0.430527
0.4306
0.430612
0.430718
0.430742
0.430761
0.430833
0.430847
0.430903
0.430944
0.431012
0.431079
0.43112
0.431145
0.431134
0.431179
0.431315
0.431393
0.431409
0.431475
0.431512
0.431596
0.43169
0.431771
0.431868
0.431663
0.43138
0.431437
0.431532
0.431568
0.431639
0.431743
0.431785
0.431859
0.431901
0.432
0.43208
0.432138
0.432164
0.432229
0.432251
0.43231
0.432345
0.432427
0.432446
0.432495
0.432512
0.432541
0.43259
0.432662
0.432765
0.432833
0.432876
0.432907
0.432836
0.432859
0.43289
0.43292
0.432952
0.432859
0.432919
0.432913
0.432959
0.432932
0.433009
0.432956
0.432967
0.432917
0.433048
0.433071
0.433065
0.433158
0.4332
0.433264
0.433291
0.43333
0.433339
0.433364
0.433345
0.433393
0.433501
0.433555
0.433641
0.433674
0.433702
0.433706
0.433825
0.433908
0.433988
0.434082
0.434094
0.434129
0.43415
0.434223
0.434236
0.434208
0.434243
0.434288
0.434296
0.434351
0.434387
0.43443
0.43446
0.434509
0.434563
0.43461
0.434594
0.434633
0.434706
0.434798
0.434812
0.434894
0.434864
0.434921
0.434977
0.434981
0.435007
0.435052
0.435105
0.435175
0.435193
0.435251
0.435317
0.435339
0.435283
0.435344
0.435371
0.43541
0.435446
0.435274
0.435311
0.435386
0.435471
0.435504
0.435448
0.435459
0.435521
0.43556
0.435542
0.435596
0.435624
0.435704
0.435769
0.435786
0.435833
0.435836
0.435857
0.435845
0.4359
0.435924
0.435941
0.435969
0.435978
0.436
0.436049
0.436056
0.436096
0.436157
0.436241
0.436207
0.436243
0.436251
0.436215
0.43618
0.436289
0.436311
0.436356
0.436449
0.436472
0.436557
0.436613
0.436647
0.436681
0.436703
0.436768
0.43674
0.436769
0.436829
0.436873
0.436925
0.436955
0.437005
0.437027
0.437045
0.437089
