0
0.442913
0.36226
0.348728
0.3355
0.342869
0.346115
0.355252
0.358631
0.364904
0.367473
0.370322
0.366175
0.361949
0.362965
0.364259
0.36697
0.368378
0.367092
0.359373
0.35877
0.358595
0.357254
0.35648
0.356627
0.356858
0.357446
0.357709
0.358395
0.356993
0.356408
0.354978
0.354182
0.355107
0.354913
0.354356
0.354356
0.354935
0.355358
0.357293
0.357826
0.357185
0.357583
0.35761
0.357453
0.357524
0.357924
0.358075
0.358434
0.357663
0.358463
0.358505
0.358609
0.359033
0.358283
0.358013
0.358006
0.358213
0.357856
0.358913
0.359463
0.360257
0.360004
0.360847
0.361545
0.36048
0.36122
0.361624
0.362463
0.362564
0.36273
0.363196
0.362789
0.363158
0.362565
0.36251
0.362965
0.363673
0.363508
0.363452
0.363572
0.363817
0.364034
0.364051
0.364264
0.364124
0.364574
0.364211
0.364617
0.364546
0.364806
0.365242
0.365438
0.364687
0.36519
0.36488
0.364996
0.364861
0.365194
0.365035
0.365368
0.365954
0.366385
0.366858
0.366543
0.366598
0.366507
0.366524
0.366699
0.367197
0.367811
0.368061
0.367999
0.368607
0.368934
0.369167
0.369683
0.370327
0.370286
0.370624
0.37089
0.371126
0.371016
0.370727
0.370875
0.371039
0.371339
0.371449
0.371805
0.372157
0.372916
0.373234
0.373389
0.374127
0.374384
0.374788
0.374777
0.374826
0.375296
0.375781
0.375944
0.376197
0.376862
0.377098
0.37748
0.377657
0.378116
0.378168
0.378282
0.378541
0.378691
0.379425
0.379652
0.379538
0.379401
0.37961
0.379747
0.38002
0.379805
0.379949
0.380372
0.380588
0.381188
0.381311
0.381437
0.381507
0.381718
0.38185
0.382189
0.382385
0.382776
0.382977
0.383307
0.383409
0.383558
0.38369
0.383527
0.383899
0.384128
0.384303
0.384493
0.384609
0.384845
0.384813
0.385025
0.385258
0.385722
0.385832
0.386144
0.386522
0.38658
0.386448
0.386567
0.387073
0.387635
0.387843
0.388165
0.388672
0.388836
0.389285
0.389615
0.389179
0.38962
0.389887
0.390108
0.390227
0.390394
0.390662
0.390785
0.391214
0.391604
0.391672
0.391681
0.392134
0.392446
0.392599
0.392912
0.393057
0.393273
0.393545
0.393855
0.394115
0.394341
0.394488
0.394462
0.394672
0.394807
0.395155
0.395201
0.395413
0.395535
0.395712
0.395848
0.396124
0.396354
0.396384
0.396739
0.396912
0.397046
0.397207
0.397417
0.397429
0.397643
0.397715
0.398105
0.398382
0.398525
0.39864
0.398968
0.398932
0.399026
0.399008
0.399355
0.399539
0.399678
0.39979
0.400041
0.400238
0.400228
0.400414
0.400671
0.40087
0.401006
0.401202
0.401329
0.401466
0.401551
0.401768
0.40192
0.401898
0.402004
0.402464
0.402607
0.402782
0.403024
0.403078
0.403298
0.403478
0.403694
0.403927
0.404154
0.404307
0.404519
0.404619
0.404665
0.404686
0.40494
0.405186
0.405482
0.405645
0.405941
0.406183
0.406387
0.406015
0.405802
0.405959
0.406102
0.406178
0.405265
0.405292
0.405301
0.405249
0.4054
0.405476
0.405675
0.405852
0.406113
0.40623
0.406395
0.406358
0.406596
0.406765
0.406914
0.407169
0.40726
0.407273
0.407342
0.407484
0.407736
0.407707
0.407966
0.408025
0.408347
0.408532
0.408622
0.408804
0.408995
0.409114
0.409281
0.409381
0.409553
0.409647
0.409701
0.409687
0.409879
0.410066
0.410186
0.410416
0.410636
0.410714
0.410675
0.410707
0.410881
0.411069
0.411103
0.411231
0.411411
0.411717
0.411822
0.411888
0.41205
0.412169
0.412278
0.412444
0.412437
0.41245
0.41245
0.41254
0.412705
0.412779
0.412842
0.413037
0.413113
0.413187
0.413402
0.413557
0.413594
0.413847
0.41399
0.414094
0.414077
0.414316
0.414542
0.414537
0.414555
0.414626
0.414813
0.414874
0.414908
0.414985
0.415205
0.415356
0.415536
0.415741
0.415827
0.415954
0.41599
0.416033
0.416239
0.416235
0.416323
0.416344
0.41651
0.416702
0.416764
0.416653
0.416642
0.416776
0.41683
0.416864
0.417107
0.417201
0.417282
0.417492
0.417549
0.41754
0.417654
0.417843
0.417843
0.417934
0.418055
0.418163
0.418368
0.41847
0.4186
0.41869
0.418834
0.418905
0.419039
0.419211
0.419272
0.419455
0.419575
0.419681
0.419736
0.419913
0.42002
0.420169
0.420253
0.420279
0.420431
0.4206
0.420574
0.4207
0.420796
0.420879
0.420946
0.421032
0.421116
0.421187
0.421398
0.421661
0.421867
0.422028
0.422234
0.422266
0.422468
0.422536
0.422664
0.422704
0.422807
0.422819
0.422937
0.422934
0.4228
0.423023
0.423151
0.42323
0.423265
0.422955
0.423039
0.4231
0.42311
0.423192
0.423241
0.423429
0.42358
0.423713
0.423801
0.423928
0.424098
0.424152
0.42416
0.424329
0.424449
0.424511
0.424678
0.424665
0.424715
0.424769
0.424927
0.424972
0.425104
0.425293
0.425425
0.425454
0.425558
0.425592
0.425574
0.425734
0.425901
0.425983
0.426007
0.426162
0.426284
0.426391
0.426488
0.426649
0.426735
0.426844
0.426964
0.427023
0.427237
0.427234
0.427224
0.427421
0.427498
0.427585
0.427565
0.427707
0.427747
0.427793
0.427852
0.428001
0.428151
0.428266
0.428302
0.428406
0.428407
0.428481
0.428561
0.428664
0.428685
0.428783
0.428829
0.428931
0.429006
0.428974
0.429022
0.429112
0.42908
0.429227
0.429297
0.42935
0.429312
0.429369
0.429415
0.429516
0.429602
0.429663
0.42965
0.429841
0.43003
0.430088
0.430123
0.430141
0.430204
0.430186
0.43023
0.430353
0.43038
0.430433
0.430541
0.43065
0.430742
0.430877
0.430905
0.430943
0.43099
0.43111
0.431174
0.431226
0.431374
0.431457
0.431455
0.431511
0.431638
0.431659
0.431708
0.431782
0.431921
0.431976
0.43205
0.432152
0.432266
0.432466
0.432552
0.432619
0.432698
0.432703
0.43279
0.432837
0.43294
0.432939
0.433027
0.433125
0.433195
0.43324
0.433251
0.433319
0.433451
0.433569
0.433611
0.433761
0.433836
0.433882
0.434008
0.434076
0.434193
0.434261
0.43429
0.434372
0.434447
0.434552
0.434686
0.434636
0.434732
0.434774
0.434845
0.434934
0.435071
0.435193
0.435281
0.435419
0.435562
0.435597
0.43576
0.435862
0.43595
0.435971
0.436095
0.436077
0.436204
0.436266
0.436317
0.435896
0.435948
0.435999
0.436101
0.436263
0.436326
0.436362
0.436355
0.43646
0.436438
0.436546
0.436656
0.436696
0.436751
0.436803
0.436854
0.436906
0.437079
0.437203
0.43729
0.437335
0.437383
0.437481
0.437578
0.437552
0.437599
0.437714
0.437719
0.437599
0.437342
0.437386
0.437415
0.437488
0.437539
0.437589
0.43761
0.437554
0.4375
0.437566
0.437601
0.437703
0.43771
0.437876
0.437932
0.438024
0.438121
0.438151
0.438163
0.438285
0.438291
0.438263
0.438325
0.438492
0.43861
0.438647
0.438704
0.438733
0.438841
0.438837
0.438865
0.438956
0.43903
0.439037
0.439195
0.439244
0.439328
0.439393
0.439468
0.439549
0.439672
0.439713
0.439844
0.439879
0.43993
0.440021
0.440027
0.440099
0.440155
0.440174
0.440227
0.44024
0.440246
0.440316
0.440348
0.44039
0.440437
0.440463
0.440509
0.440552
0.440614
0.440642
0.440712
0.440822
0.440915
0.440942
0.441055
0.44115
0.441226
0.441242
0.4413
0.44137
0.441418
0.441537
0.441577
0.441692
0.441789
0.441762
0.44183
0.441916
0.441958
0.441999
0.442114
0.442185
0.442285
0.442349
0.442401
0.442494
0.44252
0.442635
0.442657
0.442737
0.442734
0.442831
0.442935
0.442886
0.442378
0.442418
0.442437
0.442478
0.442528
0.442582
0.442643
0.442728
0.442766
0.442754
0.442803
0.44281
0.4428
0.442841
0.442903
0.442937
0.442993
0.443025
0.443003
0.443093
0.443135
0.44318
0.443253
0.443278
0.443352
0.44346
0.443527
0.443527
0.443316
0.443337
0.443355
0.443218
0.443188
0.443189
0.443228
0.44328
0.443342
0.443279
0.443318
0.443351
0.443381
0.443424
0.443436
0.443482
0.443558
0.443588
0.443388
0.443378
0.443421
0.443486
0.443536
0.443627
0.443659
0.443647
0.443657
0.443645
0.443697
0.443701
0.443724
0.443785
0.443821
0.443678
0.443706
0.443657
0.443648
0.443551
0.443582
0.443651
0.443721
0.443765
0.443784
0.443777
0.443753
0.443751
0.443836
0.443823
0.443829
0.443848
0.44376
0.443714
0.443739
0.443766
0.443841
0.443859
0.443705
0.443751
0.443753
0.443798
0.443847
0.443887
0.443873
0.443897
0.443902
0.443932
0.443961
0.443987
0.443993
0.443944
0.443955
0.444038
0.444122
0.444122
0.444153
0.444158
0.444165
0.444152
0.444128
0.444171
0.444156
0.44424
0.443948
0.444001
0.444047
0.444062
0.444034
0.444078
0.444065
0.444038
0.444026
0.444057
0.444105
0.44415
0.444195
0.444146
0.444193
0.444177
0.444177
0.444193
0.444218
0.444163
0.444176
0.444173
0.444152
0.444186
0.444195
0.444156
0.444172
0.444207
0.444223
0.444263
0.444286
0.444309
0.444336
0.444348
0.444323
0.444245
0.444283
0.444266
0.444328
0.444333
0.444375
0.44433
0.444304
0.444302
0.444379
0.444366
0.444352
0.444326
0.44433
0.444364
0.44434
0.444411
0.444418
0.444393
0.444411
0.444457
0.444399
0.444393
0.444356
0.444379
0.444372
0.444412
0.444418
0.444457
0.444546
0.444606
0.444561
0.444557
0.444625
0.444651
0.444646
0.444707
0.444711
0.444701
0.444727
0.444747
0.444749
0.444787
0.444741
0.444775
0.444745
0.444753
0.444628
0.444651
0.444672
0.444674
0.444611
0.444603
0.444419
0.444436
0.44444
0.444376
0.444397
0.44436
0.444336
0.444366
0.444324
0.444391
0.444349
0.444381
0.444398
0.444424
0.444457
0.444545
0.444493
0.44443
0.44443
0.444459
0.444467
0.444502
0.444525
0.444504
0.444529
0.444544
0.444532
0.444585
0.444597
0.444573
0.444579
0.444582
0.444606
0.444648
0.444619
0.444635
0.444634
0.444618
0.444663
0.44461
0.444651
0.444686
0.444654
0.444645
0.444658
0.444704
0.444677
0.444719
0.444679
0.444647
0.444644
0.444674
0.44467
