0
0.193089
0.17443
0.188579
0.205
0.214853
0.226258
0.233438
0.242944
0.253292
0.259348
0.262891
0.261955
0.260789
0.261848
0.263446
0.266512
0.269582
0.271263
0.265627
0.26407
0.263961
0.263544
0.263874
0.263899
0.2643
0.264706
0.264277
0.267414
0.265785
0.265782
0.265361
0.266523
0.266302
0.265893
0.264263
0.264605
0.266076
0.267512
0.268355
0.268545
0.269459
0.269723
0.269557
0.269245
0.268619
0.269062
0.269
0.26933
0.269347
0.269889
0.271041
0.27177
0.271768
0.27098
0.270718
0.271839
0.271378
0.27191
0.272615
0.272901
0.274012
0.273708
0.273747
0.274554
0.274428
0.274764
0.274954
0.275075
0.275629
0.275948
0.276377
0.27658
0.276983
0.276435
0.276301
0.276807
0.277518
0.277438
0.278006
0.277776
0.278264
0.278793
0.278756
0.278895
0.279071
0.279668
0.279529
0.279193
0.279199
0.279774
0.280244
0.280465
0.279735
0.279776
0.279675
0.279707
0.27995
0.280216
0.280436
0.280506
0.280748
0.281044
0.281537
0.28179
0.281845
0.28145
0.281873
0.282266
0.282388
0.282792
0.283074
0.283348
0.283876
0.283816
0.283839
0.284308
0.284932
0.28479
0.28494
0.285669
0.285941
0.286425
0.286619
0.286912
0.287066
0.287108
0.286832
0.286632
0.286651
0.286747
0.286952
0.287601
0.287706
0.288083
0.288049
0.287456
0.287474
0.287721
0.287842
0.288251
0.288755
0.288985
0.289241
0.289243
0.289572
0.289927
0.290317
0.290498
0.290688
0.291101
0.291427
0.291618
0.291522
0.292032
0.292074
0.292417
0.292696
0.292976
0.293232
0.293744
0.293692
0.294261
0.294452
0.294992
0.29533
0.29567
0.295887
0.296087
0.296436
0.296538
0.297182
0.297254
0.297674
0.297866
0.298103
0.297929
0.298223
0.298279
0.298506
0.298792
0.299207
0.299606
0.300076
0.30023
0.300678
0.300753
0.301088
0.301447
0.301704
0.30169
0.301784
0.301937
0.30204
0.302308
0.302437
0.302539
0.302639
0.303066
0.303328
0.303756
0.303226
0.303562
0.303693
0.303933
0.304005
0.304214
0.304376
0.304411
0.304683
0.304871
0.305012
0.305613
0.306011
0.306304
0.306402
0.306627
0.306858
0.306827
0.306743
0.306899
0.307089
0.307126
0.307149
0.307271
0.307492
0.307798
0.30812
0.308402
0.308513
0.308773
0.309047
0.309252
0.309717
0.310116
0.310569
0.310774
0.311081
0.311214
0.311634
0.311745
0.311888
0.31195
0.311882
0.312115
0.312583
0.312659
0.312964
0.313188
0.313292
0.313479
0.313674
0.313824
0.314095
0.31443
0.314376
0.314587
0.314871
0.315148
0.315241
0.315487
0.315387
0.315704
0.315852
0.316015
0.316139
0.316141
0.316481
0.31665
0.316893
0.317094
0.317331
0.317481
0.317796
0.317851
0.317901
0.318077
0.318413
0.318711
0.318878
0.319055
0.319283
0.319477
0.319677
0.319838
0.320005
0.320286
0.320381
0.320603
0.32071
0.320921
0.321068
0.321264
0.320751
0.320599
0.320565
0.320764
0.320887
0.319957
0.320137
0.320127
0.320224
0.320623
0.320559
0.320642
0.320872
0.320976
0.321051
0.321071
0.3212
0.321405
0.321623
0.321613
0.321767
0.321871
0.322076
0.322264
0.322516
0.322703
0.322836
0.322914
0.323255
0.323313
0.323305
0.323419
0.323597
0.323685
0.323662
0.323805
0.323871
0.323995
0.324094
0.324192
0.324434
0.32455
0.324685
0.324704
0.324821
0.324757
0.324919
0.325073
0.325088
0.325194
0.325421
0.325533
0.325646
0.325675
0.325714
0.325824
0.325812
0.325809
0.325855
0.325842
0.325773
0.325665
0.325843
0.325727
0.325753
0.32581
0.325957
0.326091
0.326064
0.326007
0.326135
0.326269
0.32637
0.326486
0.326631
0.326802
0.326854
0.327043
0.327328
0.327478
0.327705
0.327737
0.327839
0.328096
0.328152
0.328149
0.328175
0.328175
0.328227
0.328308
0.328427
0.32841
0.328514
0.32866
0.328695
0.328722
0.328816
0.329016
0.329107
0.329258
0.329356
0.329456
0.329345
0.329494
0.329663
0.329757
0.329817
0.329858
0.330067
0.330218
0.330335
0.330438
0.330499
0.33054
0.330684
0.330744
0.330678
0.330745
0.330826
0.330924
0.330941
0.331075
0.331116
0.331214
0.331233
0.331371
0.331497
0.331646
0.331829
0.331983
0.332184
0.332205
0.332397
0.332586
0.332667
0.332827
0.332867
0.333079
0.333045
0.333168
0.333278
0.333459
0.333505
0.33368
0.333916
0.333965
0.334018
0.334093
0.334261
0.334475
0.334596
0.334691
0.334648
0.334721
0.334831
0.334893
0.335005
0.335105
0.335007
0.335069
0.335307
0.335254
0.335392
0.335479
0.33559
0.335789
0.335545
0.33562
0.335643
0.335513
0.335672
0.33583
0.335938
0.336136
0.336283
0.336402
0.336456
0.336614
0.336662
0.336748
0.336831
0.336926
0.337014
0.337171
0.337276
0.337445
0.337634
0.337748
0.337741
0.337842
0.337837
0.338011
0.338124
0.338287
0.338192
0.338309
0.338416
0.338597
0.338679
0.338809
0.338876
0.338979
0.339045
0.339128
0.339129
0.339245
0.339272
0.339422
0.339457
0.339545
0.339667
0.339798
0.339878
0.339952
0.339978
0.34008
0.340127
0.340196
0.340215
0.340327
0.340409
0.340486
0.340552
0.340623
0.340755
0.340673
0.340614
0.340757
0.340928
0.34095
0.34104
0.341097
0.341241
0.341296
0.341344
0.341466
0.341521
0.341516
0.341516
0.341603
0.341711
0.341906
0.342
0.342164
0.342227
0.342329
0.342492
0.342521
0.342602
0.342632
0.342712
0.342699
0.342699
0.342876
0.34301
0.343082
0.343194
0.343336
0.343365
0.343488
0.343527
0.343729
0.343779
0.34384
0.343894
0.343996
0.344056
0.344104
0.344104
0.344205
0.344317
0.344486
0.344604
0.344616
0.34472
0.344847
0.345002
0.344996
0.345072
0.345199
0.34523
0.345411
0.345481
0.345527
0.345595
0.345639
0.345744
0.345782
0.3458
0.345948
0.346066
0.346141
0.346197
0.346269
0.346319
0.346342
0.346359
0.346468
0.346477
0.346496
0.346617
0.346743
0.346748
0.346816
0.346868
0.346952
0.347042
0.347075
0.347207
0.347231
0.34734
0.347348
0.347331
0.34742
0.347498
0.347514
0.347604
0.347687
0.347799
0.347914
0.347913
0.348045
0.348091
0.348193
0.348303
0.348411
0.348441
0.348481
0.348538
0.348643
0.34871
0.348822
0.348369
0.348488
0.348583
0.348659
0.348742
0.348779
0.348822
0.348919
0.349012
0.34916
0.349217
0.349345
0.349335
0.349365
0.349431
0.349406
0.349447
0.349519
0.349591
0.349652
0.349612
0.349645
0.349737
0.34986
0.34993
0.34999
0.350037
0.350137
0.349966
0.34962
0.349672
0.349817
0.349924
0.34993
0.349965
0.35001
0.350066
0.350082
0.350262
0.350286
0.350376
0.350368
0.350379
0.35042
0.350378
0.350361
0.350431
0.350509
0.350584
0.350608
0.350641
0.350675
0.350769
0.350827
0.350879
0.350957
0.351047
0.351088
0.35112
0.351182
0.351147
0.351183
0.351189
0.351251
0.351297
0.351306
0.351389
0.35147
0.351477
0.351472
0.35153
0.35159
0.351652
0.351778
0.351849
0.35185
0.351911
0.352024
0.352037
0.352119
0.352205
0.352194
0.352282
0.352351
0.352432
0.352471
0.352545
0.352635
0.352711
0.352812
0.352835
0.352917
0.352966
0.352955
0.353011
0.353045
0.353108
0.353173
0.353215
0.353295
0.353362
0.353404
0.353416
0.353497
0.353552
0.353631
0.35363
0.353639
0.353656
0.353764
0.353832
0.353904
0.353979
0.354034
0.354026
0.354102
0.354171
0.354134
0.354219
0.354265
0.354309
0.354423
0.354458
0.354541
0.354523
0.354022
0.354078
0.354162
0.354205
0.354203
0.354218
0.354285
0.354367
0.354413
0.354391
0.354397
0.354461
0.354489
0.354497
0.354553
0.354514
0.35452
0.354533
0.354535
0.354607
0.354594
0.354616
0.354631
0.354641
0.354688
0.354728
0.35478
0.354832
0.354701
0.354743
0.354837
0.354779
0.354848
0.354801
0.354792
0.354778
0.354829
0.354904
0.354904
0.35493
0.354967
0.354975
0.355002
0.355083
0.355084
0.355084
0.354834
0.354786
0.354812
0.354892
0.354906
0.35492
0.354987
0.354982
0.354997
0.354994
0.35505
0.355083
0.355148
0.355169
0.35518
0.355079
0.355102
0.355101
0.355133
0.355051
0.3551
0.355142
0.355196
0.355234
0.355204
0.355275
0.355301
0.355313
0.355345
0.355376
0.355359
0.355414
0.355295
0.355277
0.355305
0.355371
0.355388
0.355372
0.355173
0.355192
0.355258
0.355283
0.355325
0.355344
0.355429
0.355443
0.355444
0.355438
0.355499
0.35554
0.355596
0.355644
0.35575
0.355714
0.355802
0.355826
0.355842
0.355816
0.355862
0.355794
0.355827
0.355824
0.35589
0.355941
0.355679
0.355723
0.355743
0.355734
0.355688
0.35567
0.3557
0.355714
0.355708
0.355757
0.355793
0.355813
0.355796
0.355783
0.355808
0.355854
0.355866
0.355841
0.355841
0.355861
0.355883
0.355968
0.355962
0.356022
0.356019
0.356035
0.356046
0.356062
0.356115
0.356104
0.356071
0.356123
0.356197
0.356252
0.356197
0.356128
0.356158
0.356188
0.356234
0.356261
0.356268
0.356242
0.356222
0.356218
0.356238
0.356248
0.356243
0.356273
0.356299
0.356327
0.356304
0.356356
0.356383
0.356324
0.35637
0.356371
0.356258
0.35624
0.356262
0.356324
0.356409
0.356396
0.356428
0.356471
0.356399
0.356416
0.356421
0.356492
0.356537
0.356585
0.35653
0.35655
0.356543
0.356544
0.356602
0.356626
0.35661
0.356643
0.356528
0.35652
0.356511
0.356526
0.356459
0.356454
0.356485
0.35646
0.356509
0.35656
0.356379
0.356371
0.356389
0.356348
0.356337
0.356296
0.356342
0.356331
0.356378
0.356423
0.356485
0.356482
0.356538
0.356531
0.356569
0.356557
0.356591
0.356613
0.356598
0.356604
0.356607
0.356609
0.356681
0.356743
0.356757
0.356767
0.356809
0.356843
0.356858
0.35684
0.356842
0.356808
0.356835
0.356856
0.356857
0.356899
0.35695
0.356926
0.356899
0.356889
0.356886
0.356855
0.356863
0.356886
0.356894
0.356926
0.356897
0.356917
0.356961
0.356952
0.356936
0.356958
0.356966
