0.814241
0.818182
0.811078
0.814788
0.815032
0.821687
0.820896
0.823379
0.822056
0.822618
0.808336
0.801217
0.794814
0.784863
0.776404
0.769076
0.764594
0.758716
0.754405
0.749116
0.739442
0.730496
0.723303
0.716478
0.709921
0.705229
0.699311
0.693656
0.689487
0.685295
0.679025
0.671668
0.664544
0.658602
0.653234
0.647907
0.642463
0.637611
0.632642
0.628521
0.622182
0.616523
0.611804
0.606866
0.602798
0.5977
0.592841
0.586957
0.582524
0.579226
0.575244
0.571084
0.566922
0.562817
0.557875
0.554023
0.549888
0.546393
0.542761
0.539034
0.536021
0.532997
0.529392
0.525021
0.522383
0.520497
0.518105
0.516242
0.51321
0.510421
0.508098
0.506746
0.504246
0.501813
0.5
0.497843
0.495394
0.493349
0.491302
0.489715
0.488631
0.48787
0.48509
0.483973
0.482354
0.481267
0.479626
0.478846
0.477903
0.477465
0.477816
0.477242
0.47709
0.476539
0.476107
0.475283
0.475217
0.475538
0.476149
0.475758
0.475594
0.475743
0.476058
0.47587
0.475531
0.476309
0.476344
0.475912
0.475934
0.476041
0.476526
0.476693
0.477127
0.477627
0.477896
0.478467
0.477851
0.477843
0.477926
0.477978
0.47806
0.478389
0.478644
0.478831
0.47902
0.478817
0.479183
0.479371
0.479564
0.479917
0.47976
0.479667
0.479883
0.480042
0.480246
0.480863
0.480888
0.481069
0.481485
0.481347
0.481578
0.481764
0.482344
0.482145
0.482181
0.482279
0.482653
0.48308
0.483192
0.483224
0.483402
0.483701
0.483736
0.483945
0.484079
0.484169
0.484183
0.484449
0.484681
0.484512
0.48477
0.485128
0.485126
0.485389
0.485407
0.484394
0.484715
0.484372
0.484402
0.484596
0.484867
0.485241
0.485289
0.485119
0.485165
0.485379
0.485599
0.48565
0.485599
0.486043
0.486108
0.486442
0.486018
0.486062
0.486126
0.486171
0.486628
0.486628
0.486784
0.486939
0.485936
0.486129
0.486098
0.486259
0.486212
0.48616
0.486056
0.486549
0.486489
0.486709
0.486664
0.486865
0.486643
0.486749
0.487188
0.487215
0.487432
0.487555
0.487598
0.487683
0.487729
0.487779
0.488057
0.488477
0.488301
0.488303
0.488341
0.488314
0.488406
0.488071
0.487887
0.487991
0.488231
0.488271
0.488204
0.48829
0.488244
0.488189
0.488287
0.488521
0.488255
0.488487
0.488435
0.488438
0.488526
0.488725
0.488787
0.488773
0.488917
0.488901
0.488776
0.488744
0.48878
0.488836
0.488914
0.488963
0.488912
0.488682
0.488711
0.488746
0.488953
0.48896
0.488771
0.488948
0.48898
0.488965
0.489071
0.489127
0.489042
0.489187
0.48908
0.488869
0.4888
0.489095
0.48917
0.489035
0.489095
0.48908
0.489226
0.489149
0.489238
0.489169
0.489197
0.489142
0.489168
0.489242
0.489363
0.489576
0.489531
0.489471
0.489637
0.489627
0.488734
0.488405
0.488467
0.488469
0.488658
0.487048
0.48713
0.487138
0.487048
0.48708
0.486984
0.486805
0.48683
0.486762
0.486664
0.486414
0.486389
0.486411
0.486595
0.486619
0.486877
0.486792
0.486671
0.486804
0.48676
0.486592
0.48654
0.486505
0.486587
0.486686
0.486805
0.486787
0.486773
0.486859
0.486701
0.486784
0.486775
0.486753
0.486843
0.486823
0.486971
0.486888
0.48691
0.486925
0.486841
0.486929
0.487003
0.486916
0.48687
0.486878
0.486832
0.486818
0.486822
0.486876
0.486963
0.487068
0.487119
0.487124
0.487178
0.487256
0.487296
0.487428
0.487318
0.487302
0.487394
0.487604
0.487698
0.487651
0.487629
0.487583
0.487548
0.487655
0.487527
0.487499
0.487429
0.487442
0.487564
0.487594
0.487789
0.487756
0.487894
0.487975
0.488117
0.488193
0.488322
0.488147
0.488268
0.488326
0.488217
0.488121
0.488169
0.488125
0.488191
0.488267
0.488284
0.48826
0.488281
0.488275
0.488224
0.48833
0.488154
0.488139
0.487815
0.487788
0.487896
0.48772
0.487716
0.48786
0.487826
0.487838
0.487822
0.487957
0.487928
0.487946
0.488145
0.488043
0.488079
0.488071
0.488038
0.488014
0.487887
0.487814
0.487712
0.487685
0.487497
0.487562
0.487488
0.487404
0.487402
0.487365
0.487379
0.487203
0.487243
0.487303
0.487326
0.487301
0.487264
0.487328
0.487357
0.487358
0.48734
0.487368
0.487304
0.487261
0.487354
0.487467
0.487459
0.487412
0.487358
0.487436
0.487513
0.487607
0.487502
0.487582
0.487638
0.487658
0.487762
0.487782
0.487814
0.487789
0.487842
0.487695
0.487589
0.487554
0.4876
0.487564
0.487096
0.486992
0.487061
0.486785
0.486758
0.486797
0.486833
0.486947
0.48687
0.486798
0.486748
0.486845
0.486831
0.486819
0.486915
0.486883
0.486938
0.486937
0.48693
0.486982
0.487063
0.487011
0.487079
0.487061
0.487074
0.487082
0.487096
0.487121
0.487193
0.48733
0.487403
0.487404
0.487517
0.48758
0.487509
0.487455
0.487472
0.487412
0.487427
0.487529
0.487529
0.487558
0.48761
0.487647
0.487659
0.487706
0.487764
0.487819
0.487782
0.487628
0.487577
0.48763
0.487636
0.487644
0.487675
0.487687
0.487738
0.487756
0.487765
0.487673
0.487707
0.487675
0.487729
0.487688
0.487737
0.487745
0.487789
0.48765
0.48763
0.48774
0.48778
0.487756
0.487705
0.487752
0.487837
0.487718
0.487754
0.487827
0.487864
0.487776
0.487809
0.487847
0.487794
0.487765
0.487646
0.48764
0.487627
0.487664
0.487614
0.487465
0.487472
0.487389
0.487407
0.487353
0.487319
0.487389
0.487328
0.487352
0.487416
0.487381
0.487382
0.487422
0.48741
0.487515
0.487541
0.487572
0.487542
0.487513
0.487507
0.487464
0.487424
0.487317
0.487315
0.487361
0.487296
0.487324
0.487336
0.487255
0.487193
0.487101
0.487107
0.487031
0.486972
0.487014
0.487017
0.486996
0.487064
0.487072
0.487064
0.487081
0.487082
0.487062
0.487085
0.487069
0.487097
0.487117
0.48719
0.487203
0.487161
0.487147
0.487063
0.487008
0.487056
0.487086
0.487099
0.487101
0.486976
0.486984
0.486991
0.486959
0.486927
0.487013
0.487016
0.487045
0.487023
0.48693
0.486929
0.486974
0.486895
0.486863
0.486914
0.486941
0.486876
0.486854
0.486879
0.486837
0.486185
0.486218
0.486206
0.486219
0.48621
0.486258
0.486259
0.486285
0.486273
0.486174
0.48616
0.486228
0.486195
0.48619
0.486237
0.486348
0.486358
0.486392
0.486338
0.486305
0.486276
0.486336
0.486366
0.486379
0.486347
0.486383
0.486321
0.486296
0.485981
0.485486
0.485482
0.485538
0.485568
0.485565
0.485583
0.485594
0.485608
0.485661
0.48576
0.485824
0.485875
0.485933
0.485923
0.485989
0.485897
0.485923
0.485945
0.48592
0.485969
0.485937
0.485815
0.48581
0.48578
0.485875
0.485868
0.485839
0.485803
0.485813
0.485746
0.485746
0.485779
0.4858
0.485741
0.48568
0.485696
0.485643
0.485723
0.485715
0.485739
0.485814
0.485811
0.485808
0.485802
0.485869
0.485878
0.485898
0.485908
0.485928
0.485853
0.485908
0.485911
0.485849
0.48587
0.485794
0.485829
0.485897
0.485859
0.485881
0.48594
0.48594
0.485953
0.485949
0.485931
0.485922
0.485938
0.485934
0.485979
0.485991
0.486055
0.486
0.485918
0.485896
0.485878
0.485862
0.485866
0.485852
0.485872
0.485936
0.485955
0.485971
0.486035
0.486051
0.486029
0.486035
0.486102
0.486135
0.486163
0.486091
0.486142
0.486145
0.486131
0.48619
0.486151
0.486182
0.486012
0.485469
0.48541
0.485347
0.485232
0.485151
0.485009
0.484868
0.484745
0.484647
0.48456
0.484457
0.484311
0.484213
0.484145
0.484062
0.48399
0.483943
0.483798
0.483583
0.483542
0.48339
0.483277
0.483128
0.483095
0.48293
0.482811
0.48269
0.482615
0.482328
0.482183
0.482075
0.481804
0.481768
0.481713
0.481577
0.481453
0.481418
0.481291
0.481178
0.481054
0.480887
0.480806
0.480762
0.480633
0.48049
0.480375
0.480006
0.479873
0.479804
0.479713
0.479645
0.479565
0.479435
0.47932
0.479267
0.479195
0.479074
0.478997
0.478862
0.478781
0.478704
0.478481
0.4783
0.478125
0.478081
0.477826
0.47771
0.477644
0.477624
0.477482
0.477346
0.477234
0.47717
0.477068
0.476976
0.476941
0.476863
0.476723
0.476514
0.476383
0.476338
0.476292
0.476194
0.476157
0.47586
0.475858
0.475715
0.475661
0.475577
0.475469
0.475358
0.475279
0.47517
0.475087
0.474987
0.474884
0.47479
0.474665
0.474537
0.474425
0.474388
0.474354
0.47435
0.474293
0.474242
0.474147
0.474183
0.474161
0.47419
0.474204
0.473888
0.473834
0.473793
0.473754
0.473633
0.473604
0.473516
0.47344
0.473449
0.473437
0.473407
0.473373
0.473304
0.473179
0.473127
0.473051
0.473027
0.472992
0.472977
0.47284
0.472829
0.472881
0.472865
0.47286
0.472825
0.472823
0.472751
0.472724
0.47269
0.472702
0.472688
0.472592
0.472539
0.472519
0.472467
0.472369
0.472352
0.472249
0.472178
0.472147
0.472122
0.472082
0.472079
0.472042
0.471987
0.471946
0.471884
0.471836
0.471818
0.471745
0.471689
0.471705
0.471687
0.471606
0.471597
0.471578
0.471483
0.471472
0.471402
0.471357
0.471338
0.471262
0.471198
0.471176
0.47118
0.471144
0.471037
0.471031
0.471007
0.470948
0.470921
0.470892
0.470863
0.470836
0.470779
0.47075
0.470681
0.47066
0.470511
0.470444
0.470422
0.47034
0.470127
0.470079
0.470074
0.470055
0.47
0.469909
0.469715
0.469687
0.469653
0.469518
0.469454
0.469417
0.469387
0.469344
0.469294
0.46926
0.469221
0.469178
0.469162
0.469137
0.469182
0.469197
0.469227
0.469272
0.469288
0.469321
0.469278
0.469325
0.469348
0.469345
0.469364
0.469401
0.469426
0.469428
0.469447
0.46946
0.469447
0.469427
0.469434
0.469468
0.469504
0.469523
0.469531
0.46949
0.469482
0.46938
0.469364
0.469421
0.469438
0.469433
0.469488
0.469425
0.469389
0.469374
0.469382
0.469338
0.469327
0.469358
0.469367
