0
0.517672
0.288934
0.200676
0.150953
0.124797
0.105548
0.0911458
0.0820707
0.0737244
0.0673931
0.0640227
0.0614783
0.0591785
0.0570252
0.055522
0.0535304
0.0518234
0.0506346
0.0493533
0.0480212
0.046846
0.045764
0.0447006
0.0437941
0.0430075
0.0423573
0.0417292
0.0412661
0.0408883
0.0404075
0.0396073
0.0389841
0.0385312
0.0381099
0.0374897
0.0374954
0.0370476
0.0369128
0.0366703
0.0362097
0.0359543
0.0357485
0.0353706
0.0353409
0.0349387
0.0347194
0.0344847
0.0344107
0.034226
0.0341144
0.0336184
0.0334225
0.0330826
0.0328541
0.0328473
0.0326609
0.0324741
0.0323468
0.0326092
0.0325327
0.032746
0.0325835
0.0323901
0.0325587
0.0325394
0.0325481
0.032387
0.0324462
0.0324267
0.0326322
0.0328366
0.0327212
0.0325765
0.0328341
0.0328876
0.0328718
0.0328408
0.0329948
0.0328308
0.0328945
0.0328029
0.0329045
0.0331004
0.032977
0.0332355
0.0330461
0.0329459
0.032977
0.0329273
0.0329264
0.0331454
0.0333354
0.033273
0.0334488
0.0333744
0.0334841
0.0335701
0.0338256
0.0338988
0.0338886
0.033856
0.0339607
0.0340941
0.0342168
0.0343378
0.0346021
0.0346028
0.0346457
0.0347524
0.0349201
0.0348958
0.0348968
0.0349275
0.0350665
0.0349463
0.0349496
0.035226
0.0352249
0.0352594
0.0352268
0.035219
0.0352076
0.0352334
0.0353051
0.035352
0.0353735
0.0352598
0.0354198
0.0354797
0.0354935
0.0356071
0.0355946
0.0356164
0.0354552
0.0355413
0.035493
0.0355361
0.035703
0.0356808
0.0357187
0.0357885
0.0360003
0.0360702
0.0362323
0.0362463
0.0362883
0.0364579
0.0365573
0.0366994
0.0367942
0.0368278
0.0368845
0.0370208
0.0371988
0.0372939
0.0373318
0.0374167
0.0375736
0.0377054
0.0377586
0.0378122
0.0378531
0.0379919
0.0380146
0.0381274
0.0382126
0.0381402
0.0380726
0.0383207
0.0384193
0.0384589
0.0384798
0.0384693
0.0384383
0.0383909
0.0385593
0.0386928
0.0387522
0.0388687
0.0388572
0.0387737
0.038793
0.0389197
0.0388881
0.0389277
0.0389825
0.0390729
0.0392197
0.0393278
0.0393349
0.0394218
0.0394474
0.0395594
0.0396807
0.0397875
0.0398275
0.0398183
0.0398222
0.0399062
0.0399941
0.0400187
0.0400685
0.0401896
0.040263
0.040276
0.0403328
0.0404062
0.0405499
0.040712
0.0407701
0.0408251
0.0408482
0.0408849
0.0409123
0.0409852
0.0410136
0.0411276
0.0411374
0.0412414
0.0413262
0.0413798
0.0414075
0.041542
0.0415601
0.04172
0.0418297
0.0419526
0.0419906
0.0420572
0.0421661
0.042165
0.0422473
0.0422988
0.0423715
0.0423938
0.0424255
0.042383
0.0424728
0.0426278
0.0426504
0.0426936
0.0427559
0.0428025
0.0428749
0.0430135
0.0430423
0.0430689
0.0431645
0.0432871
0.0432945
0.0433176
0.0433462
0.0434778
0.0435534
0.0435124
0.0434968
0.0435958
0.0437056
0.0437382
0.04375
0.0438501
0.0439518
0.0439447
0.0440071
0.044064
0.0441688
0.0442372
0.0442536
0.0443132
0.0444711
0.0445827
0.0446026
0.0446191
0.0446963
0.0447411
0.0448383
0.0447966
0.0448106
0.0448434
0.044903
0.0449065
0.0449904
0.0449888
0.0449983
0.0450741
0.0451101
0.0451529
0.0451968
0.0452681
0.0453191
0.0453403
0.0454527
0.0454998
0.0455676
0.0455705
0.0456562
0.0456257
0.0456967
0.0457251
0.0457688
0.0457682
0.0458583
0.0459017
0.0459585
0.0460945
0.0461157
0.0460938
0.0461108
0.0461668
0.046206
0.0463122
0.0464318
0.0464286
0.0465016
0.046516
0.046564
0.0465815
0.0466051
0.0467455
0.0468084
0.0468362
0.0468972
0.0469016
0.0469697
0.0469786
0.0469732
0.0470508
0.0471179
0.04729
0.0473655
0.0474007
0.0474771
0.0475781
0.0476515
0.0478021
0.0478493
0.0479405
0.0479421
0.0480441
0.0481334
0.0481762
0.0482043
0.0482371
0.0483208
0.048372
0.0484078
0.0484682
0.0484722
0.0484967
0.0485216
0.0486487
0.0487114
0.0486938
0.0487695
0.0488051
0.0488687
0.0489362
0.0489319
0.0490027
0.0490269
0.0491002
0.0491029
0.0491867
0.0492272
0.0492686
0.0493147
0.0493262
0.0494365
0.04955
0.0496224
0.0496832
0.0497454
0.0497533
0.0497978
0.0498805
0.0499481
0.050022
0.0501115
0.0501667
0.0502336
0.0502687
0.0502843
0.0504103
0.0504278
0.0504516
0.0505018
0.0506098
0.0506631
0.0507055
0.0508139
0.0508614
0.0509167
0.0508998
0.0509698
0.0509842
0.0509593
0.050992
0.0510227
0.0510152
0.0511012
0.0511238
0.0511871
0.0513075
0.0513468
0.0514342
0.0514837
0.0514901
0.0515023
0.0515068
0.0515757
0.0516492
0.0516927
0.0517265
0.0516781
0.0517012
0.0517821
0.0518231
0.0518936
0.051895
0.0519662
0.0520145
0.0520462
0.052069
0.0521051
0.0521648
0.0522179
0.0523488
0.0523499
0.0523403
0.052338
0.0524187
0.0524571
0.0524485
0.0525521
0.0526294
0.052701
0.0527676
0.0528877
0.053005
0.0530876
0.0531336
0.0531741
0.0532876
0.0533381
0.0533866
0.0534814
0.0534673
0.053496
0.0535282
0.0535808
0.0536261
0.0537146
0.0537817
0.05384
0.0538172
0.0538503
0.0538695
0.0539407
0.0539924
0.0540157
0.0540739
0.0541151
0.0542103
0.0542704
0.0543098
0.0543379
0.0543356
0.0544191
0.0544446
0.0544603
0.054521
0.054574
0.0545875
0.0546387
0.0546681
0.0547194
0.0547823
0.0548245
0.0548666
0.0549343
0.0549596
0.0550177
0.0550611
0.0550725
0.0551064
0.0551988
0.0552516
0.0552934
0.0553583
0.0553752
0.0553904
0.0554259
0.0554204
0.0554691
0.0555299
0.0555928
0.0556209
0.0557164
0.0557389
0.0558659
0.0558843
0.0559484
0.0559417
0.055974
0.0559814
0.0560438
0.0560982
0.0561344
0.056203
0.0562484
0.0563339
0.0563559
0.0564094
0.0564324
0.0564455
0.0564197
0.0564513
0.0564681
0.05648
0.0565087
0.0565327
0.0565897
0.0566083
0.0566438
0.0566575
0.0566648
0.0567325
0.0567881
0.0568775
0.0569451
0.0569736
0.0569964
0.0570244
0.0570451
0.057104
0.0571476
0.057164
0.0571981
0.0572704
0.0572877
0.0573244
0.0573462
0.0573782
0.0573832
0.0574148
0.057455
0.057464
0.0574716
0.0575169
0.057539
0.0575693
0.0575868
0.057671
0.0577281
0.0577482
0.0577648
0.0577883
0.0578208
0.0578598
0.0578766
0.0578964
0.0579668
0.0580609
0.0581075
0.0581344
0.0581874
0.0582268
0.0582482
0.0582943
0.0583321
0.0583801
0.058412
0.0584201
0.0584555
0.0585079
0.0585779
0.0586095
0.0586638
0.058771
0.0588326
0.0588624
0.0588806
0.0589069
0.0589172
0.0589267
0.0589912
0.0590192
0.0590305
0.0591142
0.059132
0.0591954
0.0591878
0.0592152
0.0593226
0.0593368
0.0593956
0.0594602
0.0594741
0.0595409
0.0596071
0.0596316
0.0596358
0.0596469
0.0597077
0.0597592
0.0598051
0.0598943
0.0598935
0.0599305
0.0599802
0.0599976
0.0600489
0.0601553
0.0602239
0.0602527
0.0602989
0.0603301
0.0603378
0.0603289
0.0603846
0.0604657
0.0604469
0.0605152
0.0605522
0.0606173
0.0606259
0.0606222
0.0606761
0.0607048
0.0607434
0.0607671
0.0608001
0.060822
0.0608695
0.0608712
0.06092
0.0609103
0.0609224
0.0609086
0.06094
0.0610033
0.0610553
0.0610877
0.0611501
0.0612138
0.0612518
0.061269
0.0613521
0.061392
0.0613997
0.0614434
0.0614885
0.0615126
0.0615752
0.0615886
0.0616329
0.0616359
0.0616779
0.0617198
0.0617215
0.061775
0.0618131
0.0618116
0.0618603
0.061884
0.0619263
0.0619856
0.0620351
0.0620991
0.0621247
0.0621553
0.0621948
0.0622489
0.0622782
0.0622846
0.062355
0.0624055
0.0624399
0.0625249
0.0625402
0.0625858
0.0626336
0.062689
0.06273
0.0627476
0.0627874
0.0628217
0.0628428
0.0629011
0.0629542
0.0629864
0.0630209
0.0630497
0.0631148
0.0631854
0.0632317
0.0632555
0.0633133
0.0633701
0.0633573
0.0633983
0.0634357
0.0634583
0.0634992
0.063577
0.0635709
0.0635888
0.0636183
0.0636349
0.0636214
0.0636599
0.0637145
0.0637363
0.0637603
0.0637932
0.0638055
0.0638449
0.0638854
0.0639011
0.0639218
0.0639201
0.0640011
0.0640396
0.0640907
0.0641228
0.0641689
0.0642086
0.0642749
0.0642975
0.0643223
0.0643479
0.0643607
0.0644096
0.0644165
0.0644641
0.0644979
0.0645133
0.0645551
0.0645813
0.0645866
0.0646244
0.0646182
0.0646114
0.0646286
0.0646773
0.064706
0.064758
0.0647858
0.0648356
0.0648617
0.0649244
0.0649761
0.0650007
0.0650188
0.0650605
0.0650615
0.0651483
0.0651695
0.0651978
0.0652186
0.0652598
0.0652682
0.0653193
0.0653738
0.0654082
0.0654302
0.0654653
0.0655124
0.065529
0.0655289
0.065559
0.0656497
0.0656509
0.0656807
0.0657128
0.0657596
0.0657788
0.0657924
0.0658251
0.0658569
0.0659114
0.0659672
0.0660061
0.0660163
0.0660847
0.0661297
0.0661804
0.0662612
0.0662899
0.0663419
0.066393
0.0664275
0.0664586
0.0664944
0.0665376
0.0665622
0.0666001
0.0666453
0.0666948
0.066692
0.0666957
0.0666939
0.0667236
0.0667605
0.0668234
0.0668651
0.0668912
0.0669317
0.0669307
0.066975
0.0669758
0.0670002
0.0670069
0.0670673
0.0670841
0.0671091
0.0671253
0.067174
0.0672176
0.0672346
0.0672571
0.0672961
0.0673547
0.0673445
0.0673824
0.0674039
0.0674623
0.0674944
0.0675475
0.0675556
0.0676043
0.0676029
0.0676452
0.0677031
0.0677033
0.0677274
0.0677581
0.0677793
0.0678147
0.06787
0.067888
0.0679082
0.0679244
0.0679709
0.0679882
0.0679831
0.0679864
0.0680453
0.0680787
0.0681862
0.0681928
0.0682504
0.0682751
0.0682866
0.0682887
0.0683242
0.0683212
0.0683282
0.0683748
0.0683871
0.068437
0.0684567
0.0684798
0.068528
0.0685347
0.0685488
0.0685745
0.0685912
0.068648
0.0686832
0.0686897
0.0687161
0.0687576
0.068765
0.0688089
0.0688531
0.0688857
0.0688873
0.0689508
0.0689837
0.0690224
0.0690828
0.0691152
0.0691187
0.0691444
0.0691701
0.0692107
0.0692081
0.0692195
0.069268
0.0692751
0.0693144
0.0693365
0.0693477
0.0693627
0.0693961
0.0694298
0.0694992
0.0694989
0.0695544
0.0695881
0.0696116
0.0696332
0.0696881
0.0697116
0.0697432
0.0698008
0.0698181
0.06985
0.069876
0.0698921
0.0699143
0.06994
0.0699637
0.0699792
0.0699917
0.0700076
0.0700386
0.0700551
0.0700927
0.070112
0.0701251
0.0701686
0.0702045
0.0702157
0.0702378
0.0702687
0.0703411
0.0703553
0.0703824
0.0704104
0.0704194
0.0704514
0.0704909
0.0705071
0.070537
0.0705518
0.0705809
0.0706385
0.0706403
0.0706567
0.0707139
0.0707505
0.0707801
0.070816
0.0708523
0.0708848
0.0709234
0.0709505
0.070986
0.0710165
0.0710342
0.0710673
0.0710973
0.0711341
0.0711926
0.0711982
0.0712165
0.0712467
0.0712798
0.0713079
0.0713568
0.0713834
0.0714175
0.0714462
0.0714401
0.0714773
0.0715112
0.0715971
0.0716282
0.0716936
0.0717003
0.0717127
0.0717505
0.0718007
0.0718489
0.0718657
0.0718883
0.0719234
0.0719488
0.0719676
0.0719788
0.0720043
0.0720685
0.0721122
0.0721608
0.0722074
0.0722312
0.0722684
0.0722671
0.0722786
0.0723241
0.0723637
0.0723806
0.0723935
0.0724247
0.0724372
0.0724824
0.0724959
0.0725178
