0
0.865125
0.728516
0.652632
0.587238
0.505134
0.463535
0.429176
0.405941
0.373544
0.347938
0.336073
0.323343
0.311333
0.301327
0.291772
0.280827
0.272393
0.264576
0.257661
0.25045
0.243733
0.237507
0.230967
0.225078
0.220622
0.216625
0.21203
0.208288
0.204056
0.20031
0.19778
0.195741
0.19249
0.190355
0.187293
0.184756
0.182975
0.181482
0.180863
0.179768
0.179668
0.179776
0.178887
0.177277
0.176172
0.175537
0.174254
0.17342
0.172256
0.171206
0.169949
0.168689
0.167239
0.166061
0.16484
0.164459
0.163605
0.162926
0.16228
0.161947
0.161529
0.161193
0.161303
0.160873
0.160009
0.159499
0.159032
0.15899
0.158781
0.158598
0.15846
0.158345
0.158098
0.15761
0.157576
0.15801
0.157769
0.158211
0.158462
0.158822
0.158891
0.158865
0.158873
0.158675
0.158698
0.158678
0.1586
0.158647
0.158919
0.159546
0.159965
0.160162
0.160287
0.160607
0.160594
0.160399
0.160538
0.161012
0.161265
0.162108
0.162191
0.162736
0.162772
0.162902
0.163086
0.163312
0.163496
0.163808
0.163786
0.16426
0.1647
0.164734
0.164934
0.164893
0.164909
0.165015
0.165716
0.166185
0.166432
0.166546
0.167149
0.167501
0.167746
0.16808
0.168432
0.168973
0.169516
0.170109
0.170714
0.170956
0.171344
0.171644
0.171859
0.172108
0.172449
0.172768
0.173184
0.17366
0.174205
0.17427
0.174477
0.175007
0.175348
0.175794
0.176252
0.176738
0.176946
0.177257
0.177746
0.178029
0.178402
0.178853
0.179366
0.179848
0.180314
0.180731
0.181127
0.181506
0.181625
0.18216
0.182525
0.182814
0.183043
0.183447
0.18383
0.18428
0.184601
0.185021
0.185571
0.18602
0.186468
0.186673
0.186831
0.187042
0.18731
0.187752
0.188308
0.188773
0.189028
0.189409
0.189736
0.190145
0.190512
0.191156
0.19146
0.191769
0.192062
0.19256
0.193061
0.193346
0.193856
0.194633
0.195016
0.195359
0.195693
0.195987
0.196615
0.197192
0.197657
0.197935
0.198035
0.198388
0.198808
0.199082
0.199308
0.199485
0.1999
0.200244
0.200505
0.201033
0.201308
0.201733
0.201935
0.202053
0.20226
0.202711
0.202995
0.203372
0.203629
0.203942
0.204242
0.20452
0.204694
0.204916
0.205322
0.205786
0.206211
0.206493
0.206526
0.206958
0.207439
0.207828
0.208072
0.208358
0.208706
0.209008
0.20926
0.209642
0.210099
0.210498
0.210868
0.21123
0.211547
0.211962
0.212344
0.212681
0.213202
0.213476
0.213867
0.214161
0.214659
0.214921
0.21533
0.215697
0.216037
0.216285
0.216433
0.216809
0.217206
0.217497
0.217761
0.218146
0.218357
0.218471
0.218824
0.219126
0.219568
0.219912
0.22024
0.220353
0.220683
0.220996
0.221319
0.221655
0.222128
0.222474
0.222917
0.223061
0.223269
0.223446
0.223926
0.224296
0.224745
0.225182
0.225528
0.22584
0.226069
0.226403
0.226942
0.227132
0.227382
0.227635
0.227918
0.228163
0.228438
0.228742
0.229027
0.229191
0.229587
0.229786
0.229974
0.230232
0.230563
0.230902
0.231213
0.231533
0.231829
0.232107
0.2324
0.232489
0.23285
0.233109
0.233458
0.233719
0.234034
0.234415
0.234697
0.235054
0.235489
0.235811
0.236209
0.236403
0.236614
0.236842
0.237102
0.237475
0.237678
0.237928
0.238266
0.238574
0.238822
0.239211
0.239404
0.239619
0.24004
0.240308
0.240525
0.240608
0.240954
0.241213
0.241332
0.241556
0.241873
0.242268
0.242472
0.242775
0.243138
0.243558
0.243935
0.244236
0.244392
0.244595
0.244942
0.245205
0.245439
0.245709
0.245912
0.246229
0.246398
0.246684
0.246894
0.247194
0.247399
0.247755
0.247986
0.248166
0.248393
0.248519
0.248631
0.248911
0.24907
0.249286
0.249576
0.249686
0.250008
0.250188
0.25041
0.250603
0.25088
0.251143
0.25121
0.251496
0.251755
0.251866
0.252168
0.252403
0.252621
0.252832
0.25306
0.253278
0.253411
0.253711
0.25403
0.254244
0.254349
0.254614
0.254872
0.255056
0.255303
0.255512
0.255676
0.255855
0.256017
0.256282
0.256472
0.25661
0.256788
0.256969
0.257211
0.257488
0.257617
0.257788
0.257972
0.258248
0.258482
0.258816
0.259095
0.259387
0.259768
0.259977
0.260271
0.26048
0.260693
0.260861
0.26108
0.26126
0.261454
0.261842
0.262145
0.262327
0.262689
0.262958
0.263069
0.263311
0.263423
0.263604
0.263832
0.26399
0.264182
0.264426
0.264679
0.264919
0.265039
0.265199
0.265438
0.265653
0.265816
0.26612
0.266226
0.26649
0.266639
0.266735
0.266935
0.26709
0.26726
0.267427
0.267599
0.267834
0.268079
0.268297
0.268492
0.268642
0.268839
0.269018
0.269193
0.269366
0.269573
0.269933
0.269982
0.270164
0.270348
0.270532
0.270756
0.271003
0.271083
0.27122
0.271453
0.271613
0.271875
0.272056
0.272247
0.272437
0.272676
0.272854
0.273012
0.273124
0.273323
0.273461
0.273567
0.273729
0.273915
0.27404
0.274347
0.274454
0.27454
0.274751
0.274896
0.275101
0.275252
0.275457
0.275626
0.275714
0.276023
0.276218
0.276398
0.276572
0.27684
0.277084
0.277316
0.277543
0.27777
0.277838
0.278025
0.278244
0.278472
0.278667
0.278839
0.278927
0.279098
0.279364
0.279603
0.279784
0.279909
0.280132
0.280298
0.280527
0.280658
0.280745
0.280834
0.28106
0.281115
0.281323
0.281518
0.281633
0.281739
0.281868
0.282074
0.282288
0.28242
0.282639
0.282912
0.283019
0.283172
0.283332
0.283419
0.283617
0.283851
0.28397
0.284138
0.284246
0.284445
0.284596
0.284666
0.284732
0.284865
0.285077
0.285296
0.285386
0.285567
0.285847
0.285969
0.286216
0.286386
0.28661
0.28675
0.28693
0.287046
0.287235
0.287348
0.287537
0.287701
0.287858
0.288018
0.288112
0.288263
0.288414
0.288482
0.288612
0.288769
0.288933
0.289082
0.28925
0.289392
0.289581
0.289675
0.289835
0.289981
0.290067
0.290225
0.290377
0.290578
0.290769
0.290988
0.29116
0.291283
0.291445
0.291629
0.291761
0.291911
0.292059
0.292216
0.292329
0.292457
0.292594
0.292834
0.292986
0.293174
0.293251
0.293459
0.293579
0.293706
0.293913
0.294134
0.294243
0.294366
0.29449
0.294704
0.294819
0.294974
0.295091
0.295277
0.295333
0.295359
0.295579
0.295776
0.295889
0.295985
0.296093
0.296248
0.296366
0.29639
0.296556
0.296648
0.296772
0.296903
0.297011
0.297089
0.297222
0.297397
0.297672
0.297879
0.298064
0.298198
0.298369
0.298473
0.298658
0.298801
0.299041
0.299211
0.299304
0.299493
0.299593
0.299657
0.299804
0.299969
0.300076
0.300225
0.300365
0.300526
0.300655
0.300828
0.301005
0.301148
0.301277
0.301444
0.301535
0.301637
0.301757
0.30188
0.301988
0.302171
0.302306
0.302399
0.302516
0.302608
0.302781
0.302916
0.303032
0.303137
0.303309
0.3034
0.303485
0.303568
0.303667
0.303781
0.303935
0.304059
0.304238
0.304392
0.304533
0.304617
0.304799
0.304882
0.304979
0.305066
0.305157
0.305291
0.305473
0.305627
0.305688
0.305888
0.306055
0.306128
0.306252
0.306407
0.30658
0.306654
0.306759
0.306842
0.306959
0.307056
0.307166
0.307291
0.307436
0.307575
0.307684
0.307794
0.307867
0.308046
0.308196
0.30826
0.308358
0.308472
0.30858
0.3087
0.308814
0.308938
0.309101
0.309202
0.309338
0.30952
0.30959
0.309713
0.309848
0.309943
0.310063
0.310116
0.310213
0.31035
0.310488
0.310649
0.310746
0.310898
0.311017
0.311114
0.311245
0.311332
0.311417
0.311565
0.311694
0.31179
0.31184
0.312003
0.312133
0.312267
0.312438
0.312591
0.312732
0.312853
0.312931
0.313023
0.313169
0.313343
0.313417
0.31355
0.313658
0.313761
0.313849
0.31397
0.314164
0.31426
0.314391
0.314475
0.31462
0.314745
0.314834
0.31494
0.315012
0.315149
0.315272
0.315453
0.315553
0.315745
0.315853
0.315975
0.316045
0.316201
0.316318
0.316425
0.316571
0.316628
0.316721
0.316856
0.316977
0.317099
0.317267
0.317415
0.317552
0.317702
0.317751
0.317831
0.317953
0.318107
0.318154
0.318281
0.318388
0.318504
0.318653
0.318767
0.318863
0.318974
0.319092
0.319191
0.319259
0.319388
0.319475
0.319588
0.319658
0.319763
0.319922
0.320033
0.320109
0.320199
0.320318
0.320409
0.320494
0.320619
0.320736
0.320845
0.320921
0.321038
0.3211
0.321192
0.321306
0.321482
0.321573
0.321636
0.321801
0.321915
0.322013
0.322091
0.322223
0.322301
0.322428
0.322515
0.322634
0.322708
0.322805
0.322914
0.32299
0.323091
0.323239
0.323351
0.32353
0.323617
0.323733
0.323825
0.323984
0.324033
0.324174
0.324266
0.324379
0.324396
0.324514
0.324642
0.324684
0.324824
0.32492
0.324969
0.325047
0.325142
0.325251
0.325343
0.325438
0.325533
0.325663
0.325759
0.325894
0.326011
0.326132
0.326246
0.32638
0.326461
0.326504
0.326581
0.326718
0.326797
0.326897
0.32698
0.327078
0.327177
0.327247
0.327352
0.327414
0.327464
0.327503
0.32756
0.327637
0.327723
0.327843
0.327942
0.328052
0.328171
0.328254
0.328367
0.328468
0.328558
0.328638
0.32871
0.328785
0.328897
0.328971
0.329081
0.329094
0.329188
0.329307
0.329455
0.329566
0.329693
0.329815
0.329951
0.330018
0.330104
0.330208
0.330349
0.330423
0.330546
0.330619
0.330758
0.330854
0.330932
0.331086
0.331184
0.331296
0.33136
0.331444
0.33157
0.331699
0.331777
0.331868
0.33195
0.332028
0.332168
0.332306
0.332402
0.332487
0.332557
0.332646
0.332769
0.332881
0.332968
0.333069
0.33309
0.333119
0.333244
0.333341
0.333438
0.333539
0.333658
0.333761
0.333812
0.333886
0.334
0.334124
0.33423
0.334309
0.334411
0.334483
0.334593
0.33468
0.334794
0.334879
0.334985
0.335077
0.335164
0.33522
0.335283
0.33536
0.3354
0.335495
0.335541
0.335603
0.335698
0.335791
0.335902
0.335975
0.33604
0.336152
0.336261
0.336275
0.336332
0.336363
0.33646
0.336525
0.336592
0.336681
0.336719
0.336797
0.336897
0.336951
