0.803977
0.814286
0.808696
0.809594
0.806567
0.806644
0.807627
0.817059
0.817554
0.819556
0.804786
0.791174
0.782005
0.771319
0.763032
0.756016
0.749122
0.742966
0.73762
0.732716
0.724532
0.715571
0.707403
0.699775
0.691985
0.684023
0.677855
0.67343
0.669865
0.663406
0.655126
0.646872
0.640434
0.634001
0.62931
0.623238
0.618472
0.613407
0.608772
0.604926
0.598619
0.592524
0.586775
0.580213
0.575927
0.570004
0.564801
0.560092
0.555827
0.551489
0.546699
0.540995
0.535418
0.529532
0.524935
0.520179
0.516024
0.511635
0.508507
0.504681
0.500907
0.497563
0.492776
0.48878
0.485079
0.481663
0.478465
0.475786
0.472634
0.469777
0.466529
0.463231
0.460476
0.457613
0.454404
0.451977
0.448944
0.445969
0.443755
0.441319
0.439221
0.436719
0.434837
0.432217
0.42954
0.427734
0.425446
0.42394
0.42247
0.420506
0.419697
0.418334
0.417299
0.416161
0.415235
0.414048
0.413043
0.412465
0.41144
0.410052
0.409083
0.407949
0.407387
0.406025
0.40511
0.404446
0.403559
0.402102
0.401329
0.399886
0.399028
0.398163
0.397172
0.395881
0.394562
0.393703
0.393146
0.392086
0.391854
0.390798
0.389855
0.389106
0.388361
0.387747
0.386741
0.385563
0.38441
0.38395
0.383489
0.382829
0.381824
0.381524
0.380718
0.380301
0.379519
0.378787
0.377913
0.3773
0.376534
0.376462
0.375813
0.375045
0.374532
0.374121
0.373852
0.373381
0.372903
0.372665
0.372299
0.371657
0.371444
0.371061
0.370401
0.3702
0.369556
0.368992
0.368657
0.368046
0.367372
0.366947
0.366528
0.365369
0.364624
0.363772
0.363272
0.36316
0.362451
0.362147
0.361515
0.360982
0.360499
0.360045
0.359444
0.359167
0.358839
0.358386
0.357912
0.357572
0.357211
0.356821
0.356474
0.356229
0.355819
0.3555
0.355077
0.354624
0.35396
0.353323
0.353125
0.352446
0.351863
0.351619
0.351203
0.350672
0.350124
0.349527
0.349179
0.348648
0.348419
0.348179
0.347811
0.347642
0.347121
0.346729
0.346273
0.345971
0.3458
0.345577
0.345327
0.345188
0.344765
0.344583
0.344263
0.343951
0.343852
0.343767
0.343629
0.343267
0.342757
0.342575
0.342269
0.342145
0.34196
0.341537
0.34121
0.340894
0.34038
0.340201
0.339855
0.3397
0.339548
0.339161
0.339185
0.338977
0.338771
0.338467
0.338194
0.338075
0.337989
0.33785
0.337716
0.337492
0.337274
0.337066
0.33677
0.336628
0.336426
0.336297
0.335971
0.335749
0.335533
0.335277
0.334865
0.334608
0.334377
0.334183
0.333959
0.333661
0.333548
0.333352
0.333162
0.333034
0.332801
0.332618
0.332403
0.332275
0.332152
0.331927
0.331673
0.331402
0.33123
0.331048
0.330943
0.330803
0.330596
0.330359
0.330186
0.32996
0.32974
0.32981
0.329565
0.329313
0.329117
0.328887
0.328761
0.328582
0.32838
0.328245
0.328244
0.328011
0.327875
0.327736
0.327592
0.327544
0.327524
0.327337
0.327276
0.327081
0.326988
0.326835
0.326833
0.32683
0.326805
0.326685
0.326557
0.326532
0.326235
0.325957
0.325762
0.325893
0.325892
0.325781
0.325658
0.325552
0.325517
0.32554
0.325418
0.325281
0.325194
0.325203
0.325108
0.325088
0.325017
0.325008
0.325073
0.325011
0.324827
0.324682
0.324575
0.324528
0.324421
0.324418
0.324233
0.324231
0.324207
0.324133
0.323928
0.323976
0.323834
0.323627
0.323487
0.323296
0.323023
0.322977
0.322808
0.322554
0.322455
0.322527
0.322508
0.322468
0.322495
0.322454
0.322438
0.32233
0.322213
0.322148
0.32203
0.321807
0.321891
0.321818
0.321778
0.321657
0.321478
0.321553
0.321436
0.321546
0.321401
0.321168
0.32092
0.320892
0.320938
0.320727
0.320787
0.320706
0.32058
0.32055
0.320471
0.320496
0.320568
0.320542
0.320547
0.320444
0.320451
0.320305
0.320142
0.320104
0.3201
0.319969
0.319813
0.319631
0.319561
0.31961
0.319609
0.31963
0.319575
0.319613
0.319591
0.319596
0.319536
0.31951
0.319502
0.319466
0.319336
0.319248
0.319214
0.31921
0.319187
0.319194
0.319117
0.319175
0.319076
0.318995
0.318994
0.319
0.318997
0.31901
0.319043
0.31904
0.318985
0.318929
0.318874
0.31884
0.318809
0.31873
0.318624
0.318596
0.318456
0.318333
0.318262
0.318165
0.318109
0.318095
0.318082
0.317955
0.317912
0.317928
0.317799
0.317725
0.317673
0.317705
0.317553
0.317368
0.317384
0.317319
0.317209
0.317128
0.317015
0.316974
0.317032
0.317004
0.316962
0.316982
0.316889
0.31675
0.316717
0.316686
0.316609
0.316559
0.316529
0.316569
0.316584
0.316535
0.316587
0.316583
0.316487
0.316412
0.316374
0.316303
0.316308
0.316278
0.316275
0.31631
0.316351
0.316367
0.316174
0.316292
0.316206
0.316118
0.316127
0.316055
0.315888
0.315695
0.315853
0.315716
0.315581
0.315547
0.315531
0.31548
0.31542
0.315392
0.315326
0.315322
0.315269
0.315227
0.315078
0.315066
0.31497
0.314969
0.314862
0.314844
0.314812
0.31483
0.314871
0.314755
0.314716
0.314658
0.314584
0.31455
0.314482
0.314516
0.314504
0.314495
0.314426
0.314438
0.31442
0.314294
0.314306
0.314236
0.314145
0.314112
0.31407
0.313983
0.313998
0.313969
0.313957
0.313937
0.313844
0.313748
0.313739
0.313592
0.313596
0.313501
0.313545
0.313515
0.313365
0.313322
0.313295
0.313258
0.313124
0.31315
0.313077
0.313064
0.313047
0.312915
0.312918
0.312834
0.312762
0.312624
0.312695
0.312612
0.312576
0.312519
0.312563
0.3125
0.312512
0.312376
0.3123
0.312234
0.312212
0.312172
0.312143
0.312113
0.312015
0.311969
0.311983
0.311917
0.311848
0.31173
0.311665
0.311583
0.311531
0.311506
0.311492
0.311451
0.311337
0.311307
0.311296
0.311255
0.311183
0.311128
0.311173
0.311096
0.311048
0.311078
0.311035
0.311004
0.31097
0.31094
0.310957
0.310924
0.310894
0.310824
0.310739
0.31072
0.310723
0.310723
0.31069
0.310644
0.310666
0.310651
0.310565
0.31054
0.310573
0.310503
0.310494
0.310508
0.310501
0.310452
0.310475
0.310423
0.310357
0.31023
0.310169
0.310153
0.310058
0.309946
0.30993
0.309965
0.309955
0.309965
0.309838
0.309753
0.309736
0.309757
0.309687
0.309568
0.309472
0.309462
0.30938
0.309315
0.309355
0.309303
0.309265
0.309176
0.30905
0.308999
0.308904
0.308898
0.308864
0.308843
0.308781
0.308779
0.308743
0.308714
0.30873
0.308786
0.308833
0.308807
0.30885
0.308787
0.30872
0.308685
0.308702
0.308728
0.308645
0.308585
0.30849
0.308481
0.308429
0.308324
0.308244
0.308225
0.30816
0.308106
0.308086
0.308034
0.308053
0.307963
0.307934
0.307936
0.307941
0.307894
0.307851
0.307796
0.30778
0.307703
0.30766
0.307653
0.307632
0.307623
0.307638
0.307627
0.307636
0.307602
0.307637
0.307558
0.307459
0.307446
0.30746
0.307443
0.307416
0.307371
0.307319
0.307252
0.30723
0.307206
0.307136
0.307111
0.307026
0.306927
0.306898
0.306859
0.306863
0.306814
0.306781
0.306752
0.306742
0.306677
0.306625
0.306575
0.306526
0.306485
0.306468
0.306492
0.306458
0.306447
0.306398
0.306424
0.306351
0.306294
0.306247
0.306215
0.306195
0.306176
0.306135
0.306079
0.305996
0.305975
0.30598
0.30599
0.305992
0.305899
0.305858
0.305794
0.305702
0.30569
0.305615
0.305631
0.305564
0.305512
0.305536
0.305428
0.305409
0.305359
0.305369
0.305285
0.30526
0.305242
0.305241
0.305183
0.305141
0.305117
0.305069
0.305025
0.304938
0.304907
0.304883
0.304891
0.304817
0.304779
0.304746
0.304798
0.304771
0.304785
0.304751
0.304735
0.304701
0.304697
0.304674
0.304633
0.304647
0.304655
0.304632
0.30461
0.304574
0.30449
0.304467
0.304534
0.304512
0.304556
0.304527
0.304503
0.304499
0.304485
0.304445
0.304416
0.304429
0.304384
0.304293
0.304261
0.304243
0.304229
0.304279
0.304242
0.304229
0.304237
0.304175
0.304155
0.304106
0.30408
0.30406
0.304031
0.303988
0.30399
0.304013
0.304006
0.304006
0.304006
0.30394
0.303932
0.303903
0.303891
0.303914
0.303888
0.303891
0.30393
0.303929
0.303925
0.303905
0.303895
0.303842
0.303805
0.303784
0.303808
0.303835
0.30391
0.303897
0.30388
0.303837
0.303835
0.30383
0.303834
0.303786
0.303771
0.303708
0.303722
0.303672
0.303692
0.303615
0.303637
0.303581
0.303592
0.303566
0.303555
0.303523
0.303482
0.303473
0.30349
0.303508
0.303513
0.303446
0.303398
0.303356
0.303365
0.303282
0.303248
0.303174
0.303121
0.303105
0.303085
0.303085
0.303043
0.303012
0.303001
0.302921
0.302872
0.302863
0.30291
0.302891
0.302856
0.302835
0.302828
0.302808
0.302764
0.30272
0.302691
0.302619
0.302626
0.302662
0.302655
0.302589
0.302564
0.302577
0.302535
0.302457
0.302427
0.302374
0.302351
0.302349
0.302327
0.302259
0.302271
0.302302
0.302254
0.30223
0.302263
0.302251
0.302269
0.302272
0.302252
0.302234
0.302186
0.302141
0.302143
0.302154
0.302174
0.302193
0.302185
0.302179
0.302205
0.302197
0.302168
0.302186
0.302185
0.302198
0.302208
0.302173
0.302212
0.302196
0.302161
0.302136
0.302192
0.302191
0.302179
0.302186
0.302195
0.302162
0.30218
0.302181
0.302243
0.302218
0.302191
0.30221
0.302201
0.302166
0.302174
0.302109
0.30217
0.302127
0.302077
0.30203
0.302023
0.302016
0.302017
0.302004
0.302031
0.301988
0.30198
0.301974
0.301954
0.301889
0.301909
0.301906
0.301941
0.301885
0.301897
0.301876
0.301868
0.301904
0.301873
0.301862
0.301844
0.301838
0.301869
0.30187
0.301798
0.30179
0.301762
0.301741
0.301702
0.30169
0.301701
0.301713
0.301734
0.301739
0.301709
0.301697
0.30168
0.301658
0.301583
0.30156
0.301523
0.301457
0.301493
0.301478
0.301495
0.301516
0.301502
0.301478
0.301456
