0
0.252567
0.357582
0.4148
0.41289
0.42249
0.428811
0.433333
0.441441
0.441373
0.442288
0.444736
0.445982
0.449086
0.450691
0.451739
0.453539
0.454483
0.452756
0.45356
0.452746
0.451755
0.449672
0.449238
0.448229
0.446377
0.445491
0.443609
0.444698
0.444671
0.442775
0.441429
0.441567
0.440457
0.440129
0.440326
0.440859
0.439857
0.439646
0.439935
0.439573
0.438956
0.43848
0.438083
0.436377
0.435842
0.435325
0.434282
0.433476
0.432408
0.432041
0.431288
0.429703
0.426744
0.426652
0.425559
0.423918
0.423179
0.422172
0.421736
0.420818
0.420709
0.41947
0.419043
0.418133
0.417907
0.416951
0.41648
0.416233
0.415868
0.415332
0.414555
0.414088
0.413504
0.413036
0.412443
0.412354
0.411537
0.4106
0.409623
0.409225
0.40846
0.408003
0.407396
0.407339
0.407404
0.407269
0.407059
0.406794
0.406663
0.406152
0.405714
0.40481
0.404186
0.403947
0.40381
0.403759
0.403311
0.402436
0.402113
0.401459
0.401451
0.40066
0.400233
0.400434
0.399739
0.399574
0.399262
0.398829
0.398408
0.397913
0.397358
0.397293
0.397115
0.396305
0.396207
0.395997
0.39573
0.395901
0.395965
0.395987
0.395961
0.395983
0.39598
0.395787
0.395546
0.395312
0.395116
0.39439
0.394257
0.394414
0.393303
0.39273
0.392385
0.392184
0.39184
0.391436
0.391439
0.391609
0.391709
0.391436
0.391258
0.391537
0.391323
0.391072
0.390868
0.390829
0.390845
0.390501
0.390174
0.389697
0.389279
0.38945
0.38928
0.389162
0.388593
0.388677
0.388761
0.388564
0.38858
0.388508
0.388595
0.388617
0.388515
0.388524
0.388499
0.388458
0.388297
0.388002
0.387675
0.38754
0.387419
0.387273
0.387164
0.386951
0.386932
0.386901
0.386913
0.38701
0.387087
0.387135
0.386773
0.386688
0.386813
0.386646
0.386598
0.386283
0.385894
0.385988
0.385876
0.386014
0.386165
0.386029
0.385898
0.385881
0.385858
0.385694
0.385516
0.385129
0.384954
0.384805
0.384803
0.385088
0.385389
0.38551
0.385696
0.38574
0.385735
0.385798
0.385932
0.385936
0.385926
0.385968
0.386084
0.38606
0.386036
0.386093
0.386034
0.385953
0.385884
0.38598
0.385945
0.384675
0.382934
0.381683
0.381673
0.381687
0.381314
0.380991
0.38084
0.380665
0.380257
0.380358
0.380247
0.380159
0.379932
0.379755
0.379681
0.379756
0.37968
0.379586
0.379489
0.379231
0.379069
0.378822
0.378693
0.37868
0.378244
0.377964
0.377814
0.377749
0.377466
0.377097
0.377033
0.376614
0.37642
0.376328
0.376272
0.376053
0.375961
0.375784
0.375718
0.375563
0.375542
0.375436
0.375321
0.375259
0.37503
0.374964
0.374813
0.374625
0.374678
0.374343
0.374269
0.374228
0.374148
0.374051
0.3739
0.373804
0.373776
0.373803
0.3738
0.373608
0.373628
0.373577
0.373458
0.373586
0.373486
0.373428
0.373241
0.37318
0.373162
0.373089
0.373093
0.372954
0.373022
0.373036
0.372868
0.372813
0.372734
0.372675
0.372533
0.37227
0.372363
0.372552
0.372516
0.372435
0.37242
0.372372
0.372286
0.372206
0.372121
0.372102
0.372192
0.372054
0.372146
0.37212
0.371952
0.371796
0.371725
0.371642
0.371744
0.371886
0.371801
0.371768
0.371761
0.371725
0.371676
0.371438
0.370367
0.369269
0.369209
0.369186
0.368861
0.368847
0.368831
0.368754
0.368743
0.368575
0.368528
0.368425
0.368481
0.368279
0.368193
0.368096
0.368023
0.367953
0.36796
0.367841
0.367746
0.36774
0.367611
0.367573
0.367439
0.367381
0.367416
0.367413
0.367397
0.367276
0.367252
0.36712
0.367096
0.367033
0.366993
0.366934
0.366909
0.36694
0.366933
0.366765
0.366733
0.366828
0.366661
0.366466
0.366441
0.36641
0.366375
0.36636
0.366339
0.366253
0.366159
0.366223
0.366231
0.366137
0.366113
0.36607
0.365944
0.365938
0.365842
0.365667
0.365648
0.365505
0.365473
0.365391
0.365317
0.365296
0.36516
0.365071
0.365022
0.364998
0.365091
0.365044
0.364957
0.364981
0.364869
0.36487
0.364864
0.364789
0.364529
0.364464
0.364516
0.364455
0.364528
0.364496
0.364422
0.36431
0.364317
0.364358
0.364504
0.364462
0.364372
0.364407
0.364304
0.364113
0.363973
0.363903
0.363901
0.363851
0.363901
0.363923
0.363968
0.363988
0.364038
0.363991
0.363895
0.363977
0.363926
0.363803
0.363818
0.363785
0.3637
0.36365
0.363702
0.363763
0.363744
0.363572
0.363601
0.363586
0.363545
0.363589
0.363635
0.363651
0.363654
0.363593
0.363607
0.363608
0.363684
0.363608
0.363564
0.363658
0.363608
0.363685
0.363694
0.363657
0.363602
0.363649
0.363695
0.363676
0.36313
0.362947
0.362964
0.362884
0.362877
0.362828
0.362867
0.362812
0.362812
0.362774
0.362762
0.362769
0.362735
0.362679
0.362676
0.36266
0.362613
0.362637
0.362599
0.362609
0.362594
0.362571
0.362411
0.362402
0.362361
0.362275
0.362331
0.362333
0.362263
0.362225
0.362105
0.362055
0.362084
0.362043
0.36191
0.361918
0.36186
0.36172
0.361565
0.361164
0.360998
0.360964
0.360984
0.361014
0.361089
0.361089
0.361088
0.361102
0.361146
0.361149
0.36108
0.361057
0.360955
0.360906
0.360906
0.361019
0.361014
0.361034
0.361047
0.361047
0.361025
0.36107
0.361013
0.360988
0.36095
0.360897
0.360908
0.360981
0.360882
0.360858
0.360799
0.36079
0.360759
0.360734
0.360718
0.360695
0.360606
0.360563
0.360603
0.360556
0.360571
0.360532
0.360486
0.360419
0.360467
0.360541
0.360529
0.360335
0.360337
0.360318
0.360216
0.36018
0.360157
0.360117
0.360153
0.36012
0.360138
0.360119
0.360122
0.360051
0.360114
0.360127
0.3602
0.36018
0.36022
0.360215
0.360216
0.36024
0.360253
0.360236
0.36031
0.360369
0.360364
0.360314
0.36022
0.360307
0.360229
0.360222
0.360199
0.360194
0.360072
0.360114
0.360081
0.36007
0.360072
0.360167
0.360163
0.360148
0.360151
0.360163
0.360203
0.36019
0.360283
0.360276
0.360273
0.360221
0.360124
0.360041
0.360028
0.360101
0.360082
0.360098
0.36002
0.36009
0.360093
0.360144
0.360187
0.360161
0.360237
0.360216
0.360239
0.360283
0.360352
0.360344
0.360329
0.360406
0.360306
0.360282
0.360273
0.360347
0.360311
0.360276
0.360301
0.360344
0.360389
0.36043
0.360422
0.360446
0.360463
0.360498
0.360517
0.360508
0.360507
0.360478
0.360462
0.360398
0.360481
0.360488
0.360583
0.360614
0.360633
0.360558
0.360612
0.360642
0.360636
0.36058
0.360638
0.360626
0.360622
0.360642
0.360652
0.360585
0.360659
0.360628
0.360688
0.360775
0.360777
0.3607
0.360736
0.360764
0.360795
0.360771
0.360762
0.360695
0.360732
0.36075
0.360733
0.360737
0.360701
0.360711
0.360801
0.360799
0.36079
0.360786
0.360816
0.360879
0.360962
0.360917
0.361003
0.360984
0.361036
0.361058
0.361069
0.360866
0.360754
0.360756
0.360749
0.360775
0.360832
0.360822
0.360791
0.3608
0.360821
0.360806
0.360791
0.360814
0.360732
0.360715
0.360465
0.360486
0.360454
0.360492
0.360454
0.360445
0.360465
0.360503
0.36055
0.360621
0.360651
0.360615
0.360639
0.360653
0.360653
0.360747
0.360749
0.36082
0.360701
0.360734
0.360762
0.360786
0.360737
0.360691
0.360659
0.360617
0.36055
0.360519
0.360569
0.360565
0.360544
0.360401
0.360337
0.360273
0.360268
0.360268
0.360325
0.360365
0.360413
0.360389
0.360399
0.36039
0.36038
0.360383
0.360385
0.360375
0.360425
0.36036
0.360363
0.360427
0.360435
0.360498
0.360529
0.360488
0.360479
0.360493
0.360487
0.360442
0.360479
0.360544
0.360557
0.36055
0.360606
0.36056
0.36058
0.360461
0.360352
0.360404
0.360377
0.360388
0.360408
0.360441
0.36044
0.360466
0.360481
0.360437
0.360449
0.360443
0.360415
0.360394
0.360383
0.360276
0.360299
0.360281
0.360272
0.360232
0.360234
0.360112
0.360109
0.360112
0.360122
0.360109
0.360082
0.360122
0.36019
0.360216
0.360233
0.360252
0.360287
0.360063
0.360082
0.360155
0.360222
0.360177
0.360128
0.360152
0.360156
0.360191
0.360269
0.36029
0.360286
0.360255
0.360262
0.360296
0.360317
0.360341
0.360376
0.360367
0.360275
0.360278
0.360118
0.360154
0.360159
0.360229
0.360236
0.360232
0.360073
0.360089
0.360041
0.359796
0.359788
0.359824
0.359804
0.359818
0.359812
0.359839
0.359808
0.359857
0.359887
0.359872
0.359872
0.359859
0.359879
0.359862
0.359823
0.359816
0.359812
0.359809
0.359836
0.359754
0.359704
0.359719
0.359695
0.359671
0.359566
0.359475
0.359505
0.359551
0.359532
0.359534
0.359491
0.359516
0.359479
0.359465
0.359452
0.359497
0.359468
0.359456
0.359455
0.359427
0.359269
0.359278
0.359281
0.359285
0.359297
0.359281
0.359264
0.359303
0.359324
0.359301
0.359293
0.359308
0.359341
0.359347
0.359357
0.359397
0.359392
0.359379
0.359361
0.3593
0.359314
0.359272
0.35925
0.359258
0.359292
0.359237
0.359161
0.359096
0.359112
0.359118
0.359199
0.35924
0.359213
0.359202
0.359213
0.359207
0.359251
0.359267
0.359299
0.359338
0.35932
0.359316
0.359314
0.359333
0.359306
0.359319
0.359335
0.359348
0.359326
0.35932
0.359343
0.359353
0.35939
0.359455
0.359429
0.359435
0.359413
0.359443
0.359459
0.359485
0.35948
0.359522
0.359581
0.359617
0.359678
0.359717
0.359736
0.359699
0.359513
0.35954
0.359551
0.359575
0.359606
0.359586
0.359605
0.359513
0.359486
0.359485
0.359438
0.359442
0.359399
0.359445
0.359464
0.359439
0.359423
0.359445
0.359435
0.359448
0.359428
0.359408
0.359394
0.359415
0.359444
0.359413
0.359381
0.359327
0.359329
0.359348
0.359332
0.359386
0.359454
0.359471
0.359475
0.359461
0.359464
0.359491
0.35954
0.3595
0.35959
0.35962
0.359644
0.359638
0.359602
0.35955
0.359516
0.359542
0.359503
0.359498
0.359484
0.359486
0.359512
0.359533
0.359518
0.359538
0.359483
0.359496
