0
0.538012
0.557617
0.553373
0.548163
0.554582
0.557546
0.555682
0.559441
0.560479
0.560088
0.561259
0.560542
0.561576
0.561095
0.559641
0.559245
0.557976
0.558633
0.557533
0.555701
0.552674
0.55122
0.552261
0.549821
0.549126
0.546463
0.545025
0.545659
0.543626
0.542618
0.541584
0.541098
0.539815
0.540705
0.539302
0.539276
0.539452
0.539132
0.53907
0.539545
0.539361
0.53951
0.537473
0.536222
0.534855
0.533392
0.533215
0.532505
0.531396
0.531176
0.53026
0.530168
0.526064
0.525658
0.524745
0.523362
0.522397
0.521741
0.52163
0.520145
0.519299
0.518588
0.5181
0.517221
0.516528
0.516376
0.516019
0.515398
0.51493
0.513775
0.513159
0.512752
0.512375
0.511301
0.510777
0.50954
0.509238
0.508531
0.507298
0.506667
0.506317
0.505695
0.504507
0.503598
0.503026
0.502301
0.501479
0.501512
0.501113
0.500724
0.50014
0.499892
0.498976
0.498834
0.498052
0.497418
0.496916
0.496423
0.496586
0.495817
0.495032
0.495194
0.494988
0.494665
0.494494
0.493911
0.493281
0.492771
0.492297
0.492458
0.491801
0.49111
0.490857
0.490666
0.490133
0.489923
0.490074
0.490007
0.489879
0.489708
0.489878
0.489421
0.489767
0.48977
0.489833
0.48985
0.489574
0.488482
0.488277
0.488268
0.48702
0.486439
0.485694
0.485323
0.484995
0.484649
0.48484
0.484826
0.484936
0.48457
0.48452
0.484193
0.483937
0.483725
0.4833
0.483185
0.48311
0.483161
0.482339
0.482274
0.481998
0.481964
0.481953
0.481947
0.481986
0.481976
0.481902
0.48172
0.481548
0.481281
0.481172
0.481247
0.481144
0.480908
0.480574
0.480705
0.480811
0.480313
0.480488
0.480586
0.480742
0.480464
0.480309
0.479993
0.479959
0.480094
0.47993
0.479978
0.47971
0.479916
0.479818
0.479502
0.479541
0.479397
0.479472
0.479325
0.47901
0.479038
0.479138
0.479382
0.47911
0.479156
0.479062
0.478857
0.478756
0.478753
0.47875
0.478744
0.478646
0.478636
0.47867
0.478623
0.478315
0.478388
0.478415
0.478373
0.478479
0.478644
0.478905
0.478978
0.478983
0.479014
0.479074
0.478956
0.478905
0.478702
0.478948
0.47897
0.47894
0.478973
0.478672
0.477355
0.475509
0.474601
0.474324
0.474125
0.474151
0.474045
0.473939
0.47371
0.473553
0.473454
0.473308
0.473203
0.473034
0.472876
0.47281
0.472461
0.472169
0.471878
0.471892
0.471621
0.471327
0.471274
0.471116
0.470995
0.470903
0.470811
0.470503
0.4704
0.470352
0.469957
0.469876
0.469417
0.469416
0.469128
0.46895
0.468576
0.468377
0.468136
0.468109
0.467913
0.467869
0.467832
0.46786
0.467727
0.46759
0.467348
0.467136
0.467154
0.467023
0.466824
0.466608
0.466464
0.466447
0.466397
0.46635
0.466253
0.466414
0.466405
0.466281
0.466117
0.466125
0.466
0.46573
0.465579
0.465563
0.465392
0.465291
0.465113
0.464939
0.464863
0.464898
0.464681
0.464746
0.464782
0.464524
0.464578
0.464668
0.464766
0.464683
0.464482
0.464644
0.464626
0.464286
0.464324
0.464409
0.464208
0.464051
0.463925
0.463898
0.463832
0.463705
0.463835
0.463838
0.463654
0.463601
0.463432
0.4635
0.46353
0.463506
0.463472
0.463301
0.463284
0.463162
0.462989
0.463029
0.46278
0.461797
0.460682
0.460621
0.460647
0.460551
0.460389
0.460317
0.460246
0.460087
0.45984
0.45978
0.459598
0.459462
0.459415
0.459347
0.459349
0.459193
0.459111
0.459105
0.459055
0.458854
0.45887
0.458853
0.458835
0.458603
0.458556
0.458567
0.458583
0.45851
0.458248
0.458099
0.457972
0.457995
0.458006
0.457968
0.457751
0.457556
0.45755
0.457567
0.457541
0.457367
0.457303
0.457159
0.457022
0.456876
0.456871
0.456761
0.456581
0.456465
0.456312
0.45619
0.456116
0.456022
0.455913
0.455846
0.455923
0.45582
0.455891
0.455932
0.455868
0.455734
0.455762
0.455687
0.455634
0.455618
0.45568
0.455592
0.455428
0.455318
0.455336
0.455256
0.455226
0.45523
0.455103
0.455044
0.454904
0.45495
0.454807
0.454559
0.454431
0.454317
0.454404
0.454265
0.454159
0.454025
0.454026
0.453933
0.453963
0.453957
0.453822
0.453838
0.453814
0.45371
0.453434
0.453339
0.453366
0.453276
0.453257
0.453172
0.453061
0.45303
0.452962
0.452882
0.452838
0.45274
0.45273
0.452743
0.452485
0.452429
0.452451
0.452406
0.452241
0.452277
0.452346
0.452228
0.452094
0.452079
0.452089
0.452095
0.452081
0.452126
0.452131
0.452181
0.452209
0.452233
0.452258
0.452234
0.452211
0.452178
0.452173
0.452148
0.452236
0.452148
0.452091
0.452011
0.452005
0.451951
0.452031
0.451561
0.451306
0.451131
0.451099
0.45115
0.451042
0.450968
0.450914
0.450905
0.450884
0.450845
0.450878
0.450861
0.450862
0.45092
0.450865
0.450897
0.450865
0.450871
0.450866
0.451024
0.450986
0.450785
0.450681
0.450707
0.450557
0.450463
0.450413
0.450439
0.450439
0.450447
0.450496
0.450518
0.450516
0.45041
0.450351
0.450321
0.450238
0.450195
0.449755
0.449687
0.449692
0.449674
0.449737
0.449809
0.449794
0.449824
0.449726
0.449708
0.449639
0.449607
0.449665
0.449633
0.44952
0.449587
0.449627
0.44959
0.449542
0.449531
0.449601
0.449606
0.449583
0.449627
0.449632
0.44959
0.449652
0.449644
0.44956
0.449535
0.449456
0.449458
0.449426
0.449342
0.449323
0.449409
0.449387
0.449327
0.449297
0.449316
0.449246
0.449343
0.449291
0.449316
0.449188
0.449141
0.449142
0.449201
0.449016
0.448927
0.448938
0.448964
0.448852
0.448818
0.448878
0.448828
0.448797
0.448789
0.44878
0.448742
0.448753
0.448848
0.44884
0.448835
0.448932
0.44888
0.448872
0.448842
0.448843
0.448743
0.448703
0.448718
0.44874
0.448806
0.448913
0.448926
0.448921
0.448924
0.448886
0.448869
0.448915
0.448959
0.448955
0.448935
0.448833
0.44879
0.448809
0.448809
0.448752
0.448738
0.448734
0.448695
0.448814
0.448871
0.448809
0.448794
0.448756
0.448662
0.448622
0.448661
0.448742
0.448747
0.44876
0.448784
0.448771
0.448748
0.448761
0.448893
0.44884
0.448854
0.448817
0.448767
0.448789
0.448757
0.448701
0.448601
0.448565
0.448547
0.448557
0.44854
0.448522
0.448523
0.448581
0.448508
0.448578
0.448502
0.448442
0.44841
0.448401
0.448446
0.448471
0.448454
0.44847
0.448468
0.448518
0.448583
0.448592
0.448645
0.448646
0.4487
0.448843
0.448897
0.448921
0.448959
0.449003
0.449069
0.449066
0.449068
0.449126
0.449168
0.44918
0.449171
0.449059
0.44907
0.449056
0.449139
0.449153
0.449136
0.44919
0.449204
0.449194
0.449188
0.449231
0.449225
0.449214
0.449239
0.449228
0.449226
0.449304
0.449311
0.449303
0.449359
0.449416
0.449422
0.449455
0.44942
0.44939
0.449402
0.449401
0.449487
0.449425
0.449515
0.449633
0.449628
0.449372
0.449273
0.449278
0.449247
0.449275
0.449257
0.449218
0.449252
0.449288
0.449296
0.449312
0.449251
0.449353
0.449331
0.449354
0.449074
0.449143
0.449145
0.449204
0.449232
0.449292
0.449292
0.449267
0.449325
0.449387
0.44939
0.449314
0.44934
0.449318
0.449245
0.449288
0.449284
0.449302
0.44917
0.449218
0.449249
0.449259
0.449301
0.449263
0.449264
0.449212
0.449226
0.449166
0.449191
0.449233
0.449288
0.449183
0.44922
0.449225
0.449197
0.449224
0.449186
0.449151
0.449192
0.449255
0.44924
0.449258
0.449213
0.449231
0.449214
0.449249
0.449217
0.449196
0.449215
0.449203
0.449213
0.449215
0.4492
0.449194
0.44921
0.449195
0.449178
0.449106
0.449099
0.449107
0.449138
0.449171
0.449152
0.44912
0.449104
0.448926
0.44884
0.448885
0.448936
0.448875
0.448875
0.448912
0.448967
0.448965
0.448985
0.448893
0.448877
0.448943
0.448947
0.448987
0.448958
0.448909
0.448965
0.448969
0.448982
0.448947
0.448961
0.44877
0.448763
0.448704
0.448753
0.448681
0.448733
0.448768
0.448787
0.44877
0.448743
0.448739
0.448761
0.448479
0.448452
0.448503
0.448534
0.448483
0.44843
0.448493
0.448495
0.448563
0.448549
0.448544
0.448583
0.448578
0.448544
0.448585
0.448643
0.448641
0.448622
0.448647
0.448605
0.448668
0.448576
0.44858
0.448572
0.448578
0.448611
0.44861
0.448483
0.448524
0.448496
0.448296
0.448264
0.448262
0.4483
0.44825
0.448265
0.448272
0.448269
0.44829
0.448298
0.448251
0.448207
0.448257
0.44827
0.448294
0.448219
0.448203
0.448228
0.448194
0.448201
0.448147
0.448162
0.448196
0.448212
0.448215
0.448189
0.448101
0.44809
0.448137
0.448155
0.448212
0.448185
0.448174
0.4482
0.448151
0.448163
0.44822
0.448238
0.448252
0.448224
0.448234
0.448139
0.448115
0.448096
0.448068
0.44812
0.448106
0.448092
0.448057
0.448055
0.447964
0.447976
0.447909
0.447906
0.447911
0.447899
0.447887
0.447883
0.447856
0.447896
0.447827
0.447863
0.447827
0.4478
0.447821
0.447831
0.447728
0.447714
0.447713
0.44773
0.447722
0.447704
0.447709
0.447687
0.447638
0.447674
0.447624
0.447592
0.447606
0.447622
0.447614
0.447641
0.447664
0.447649
0.44765
0.447683
0.447653
0.44764
0.447654
0.447677
0.44767
0.447665
0.447639
0.447599
0.447596
0.447592
0.447565
0.447563
0.447562
0.447532
0.447521
0.447557
0.447566
0.447567
0.447607
0.447619
0.447631
0.447621
0.447569
0.447333
0.447315
0.447296
0.447306
0.447316
0.447324
0.447318
0.447307
0.447284
0.447313
0.447365
0.447331
0.447315
0.447306
0.447341
0.447375
0.447331
0.447308
0.447347
0.447344
0.447339
0.447327
0.447341
0.447334
0.447411
0.44738
0.447373
0.447434
0.44745
0.447431
0.447406
0.447388
0.447416
0.44743
0.447483
0.44749
0.447485
0.447472
0.447514
0.447507
0.447529
0.447564
0.447589
0.447595
0.447645
0.447616
0.447612
0.447577
0.447544
0.447603
0.447658
0.447681
0.447699
0.447726
0.447737
0.447719
0.447743
0.447755
