0.813814
0.801762
0.81409
0.813244
0.819053
0.814593
0.818999
0.819518
0.820108
0.821851
0.810788
0.795193
0.785563
0.771696
0.764622
0.761023
0.756679
0.75182
0.747472
0.744293
0.734259
0.726134
0.719345
0.711006
0.702818
0.697663
0.693125
0.687874
0.68244
0.679147
0.67187
0.665998
0.660098
0.653698
0.648135
0.641557
0.636633
0.631853
0.627054
0.623556
0.617828
0.612728
0.606451
0.601981
0.597454
0.594605
0.590266
0.586683
0.583717
0.580588
0.575243
0.571847
0.569211
0.564936
0.560281
0.556608
0.553198
0.549556
0.545641
0.541765
0.538214
0.534991
0.532248
0.528745
0.525819
0.522544
0.519757
0.516126
0.512504
0.510454
0.508503
0.506646
0.504798
0.503041
0.501268
0.499186
0.497706
0.496457
0.494363
0.492553
0.491229
0.490329
0.48924
0.487431
0.486049
0.485092
0.484562
0.483775
0.482831
0.48105
0.481588
0.481044
0.48096
0.480865
0.481507
0.481291
0.480594
0.480359
0.479951
0.479575
0.478965
0.479055
0.479264
0.479375
0.479267
0.479087
0.478841
0.478823
0.478698
0.478347
0.478385
0.478378
0.478103
0.47801
0.4777
0.477515
0.477394
0.475832
0.476121
0.476181
0.474758
0.474121
0.473665
0.473191
0.473081
0.472992
0.472612
0.47253
0.472425
0.472098
0.471943
0.472212
0.472032
0.471719
0.471876
0.471842
0.471561
0.471712
0.471293
0.47102
0.470755
0.470681
0.470772
0.470732
0.470656
0.470527
0.470137
0.469991
0.470018
0.47024
0.470112
0.46998
0.469995
0.469729
0.469808
0.469915
0.469763
0.46958
0.469527
0.469533
0.469371
0.468952
0.468704
0.468437
0.468393
0.468296
0.468355
0.46816
0.468122
0.468074
0.467894
0.468013
0.468224
0.467959
0.467883
0.46755
0.467123
0.467176
0.467207
0.467344
0.467472
0.467461
0.467395
0.467152
0.467162
0.467089
0.467343
0.467321
0.467737
0.467665
0.467857
0.467845
0.46805
0.468422
0.468664
0.468644
0.46861
0.468766
0.468989
0.46908
0.469151
0.469079
0.469154
0.469255
0.469388
0.46931
0.469462
0.469383
0.469397
0.469363
0.46929
0.467845
0.465817
0.464329
0.464433
0.464473
0.464421
0.464514
0.464561
0.464655
0.464583
0.464792
0.4649
0.465062
0.464843
0.464986
0.465226
0.465485
0.465565
0.465705
0.465957
0.465989
0.466113
0.466163
0.466178
0.466518
0.466636
0.466773
0.466866
0.467119
0.467109
0.466906
0.467229
0.466658
0.466719
0.466818
0.466738
0.466703
0.466856
0.467
0.467197
0.467122
0.46724
0.467451
0.467572
0.46771
0.467626
0.467699
0.46788
0.467873
0.467973
0.46794
0.468076
0.468165
0.468198
0.468249
0.468424
0.468595
0.468672
0.468757
0.468919
0.468695
0.468596
0.468642
0.468608
0.468689
0.468833
0.468864
0.46892
0.469062
0.469197
0.469222
0.469304
0.469354
0.469397
0.469279
0.469361
0.469421
0.469575
0.469655
0.469655
0.469666
0.469814
0.470021
0.470314
0.470481
0.470605
0.470825
0.470979
0.471059
0.471149
0.471475
0.471526
0.471593
0.471641
0.471577
0.471837
0.471881
0.471971
0.472056
0.472161
0.472179
0.472235
0.472315
0.472262
0.472202
0.472387
0.472252
0.470857
0.469513
0.469368
0.469008
0.468938
0.468911
0.468905
0.468723
0.468466
0.468134
0.468034
0.46787
0.467784
0.467574
0.46731
0.46717
0.467003
0.466739
0.46659
0.466435
0.466151
0.466016
0.465718
0.465463
0.465004
0.464856
0.464829
0.464664
0.46446
0.464255
0.464057
0.463884
0.463662
0.463441
0.463223
0.463024
0.462834
0.462689
0.462485
0.462338
0.462131
0.462116
0.461898
0.461805
0.461739
0.4615
0.461238
0.461227
0.461067
0.460833
0.460744
0.460651
0.460475
0.460414
0.460212
0.460052
0.459956
0.459876
0.459734
0.459678
0.459541
0.459502
0.459462
0.459322
0.459187
0.459199
0.459063
0.458837
0.458672
0.458569
0.45849
0.458371
0.458284
0.458143
0.45802
0.457875
0.457724
0.457505
0.457343
0.45726
0.457167
0.457061
0.456885
0.456857
0.456697
0.456549
0.456332
0.45636
0.456314
0.456282
0.455998
0.455942
0.455891
0.455611
0.455329
0.455168
0.455149
0.455052
0.454958
0.454888
0.454754
0.454709
0.454881
0.454903
0.454972
0.455158
0.455144
0.45504
0.455171
0.45523
0.455289
0.455451
0.455488
0.455555
0.455522
0.455446
0.455465
0.455492
0.455594
0.455747
0.455874
0.455893
0.455918
0.45598
0.456081
0.456096
0.45611
0.456082
0.456116
0.456225
0.456304
0.456325
0.456455
0.45651
0.456501
0.456578
0.456654
0.456676
0.456102
0.455661
0.455755
0.455805
0.455853
0.455974
0.45608
0.456075
0.456209
0.456319
0.456427
0.456512
0.456675
0.456826
0.457053
0.457088
0.457258
0.457408
0.457437
0.457562
0.4576
0.457663
0.457588
0.457559
0.457725
0.457782
0.457916
0.457952
0.458078
0.458093
0.458166
0.458241
0.458356
0.458498
0.458398
0.458461
0.458407
0.458227
0.458213
0.457604
0.457545
0.457611
0.457695
0.457842
0.457956
0.458119
0.458175
0.458244
0.45836
0.458445
0.458592
0.45867
0.458643
0.458698
0.458793
0.458851
0.458925
0.458878
0.458947
0.459073
0.459245
0.45922
0.459252
0.459256
0.459268
0.459311
0.459435
0.459512
0.459594
0.459671
0.459632
0.459651
0.459681
0.45974
0.459733
0.459705
0.4597
0.459714
0.45969
0.459676
0.459637
0.459678
0.459607
0.459643
0.45966
0.459775
0.459745
0.459572
0.459638
0.459684
0.45973
0.459701
0.459738
0.459767
0.459921
0.460012
0.460139
0.460278
0.460316
0.460438
0.460489
0.460509
0.460561
0.460597
0.460646
0.460681
0.460747
0.460839
0.460915
0.460989
0.461021
0.461087
0.461068
0.461166
0.461117
0.461259
0.461161
0.461209
0.46122
0.461327
0.461468
0.461442
0.461415
0.461419
0.461538
0.46161
0.461725
0.461691
0.461721
0.461882
0.46186
0.461929
0.461954
0.46199
0.462119
0.462015
0.462077
0.462047
0.462114
0.462123
0.462111
0.462065
0.462032
0.462079
0.462058
0.462149
0.462167
0.462199
0.462221
0.46221
0.462242
0.462289
0.462272
0.462337
0.462352
0.462305
0.462296
0.462379
0.462387
0.462447
0.462476
0.462422
0.462507
0.462541
0.462595
0.462653
0.462677
0.462722
0.462802
0.462895
0.462936
0.462985
0.463063
0.463115
0.463267
0.463189
0.463297
0.463362
0.463393
0.463469
0.46347
0.463486
0.463646
0.463713
0.463817
0.463914
0.463994
0.464103
0.464106
0.464178
0.46416
0.464175
0.464256
0.464263
0.464355
0.464395
0.464335
0.464347
0.464393
0.464471
0.464532
0.464592
0.464584
0.464558
0.464526
0.46458
0.46455
0.46463
0.464642
0.464572
0.464658
0.464643
0.464692
0.464711
0.464767
0.464787
0.464751
0.464775
0.464913
0.464887
0.464901
0.464912
0.464958
0.464724
0.464587
0.464561
0.464574
0.464558
0.464583
0.464485
0.464508
0.464542
0.46451
0.464481
0.46455
0.464477
0.464286
0.464282
0.464034
0.463983
0.463893
0.463908
0.463891
0.463848
0.463867
0.463826
0.463762
0.463792
0.463755
0.463756
0.46376
0.463786
0.463671
0.463664
0.463704
0.463743
0.463665
0.463623
0.463632
0.46363
0.463646
0.463596
0.463589
0.463549
0.463543
0.463473
0.463439
0.463467
0.46351
0.463335
0.463258
0.463198
0.463177
0.463145
0.463158
0.46309
0.463015
0.462977
0.46295
0.462951
0.462888
0.462873
0.462752
0.462708
0.462654
0.462558
0.462513
0.462506
0.462546
0.462513
0.462446
0.462428
0.462414
0.462381
0.462342
0.462167
0.46215
0.462187
0.462194
0.462245
0.462229
0.462186
0.462121
0.461896
0.461728
0.461692
0.461621
0.461515
0.461475
0.461434
0.461451
0.461341
0.461313
0.461081
0.461005
0.460968
0.460895
0.460819
0.460702
0.460504
0.460425
0.460432
0.460265
0.460114
0.460089
0.459952
0.459855
0.459828
0.459774
0.459622
0.459506
0.459493
0.459512
0.459463
0.459439
0.459421
0.45938
0.459093
0.459044
0.458985
0.458929
0.458863
0.458837
0.458787
0.458705
0.458716
0.458679
0.458745
0.458731
0.458703
0.458654
0.458656
0.458625
0.458616
0.458528
0.458523
0.458477
0.458486
0.45831
0.458249
0.458281
0.458347
0.458306
0.458328
0.45818
0.458194
0.458238
0.457903
0.457848
0.457876
0.457874
0.457888
0.457877
0.457841
0.457834
0.45783
0.457832
0.457827
0.457794
0.457822
0.457809
0.457825
0.457765
0.457687
0.457705
0.457712
0.457717
0.457645
0.457603
0.457603
0.457558
0.457569
0.457522
0.457359
0.457287
0.457244
0.457171
0.457194
0.457071
0.456981
0.456946
0.456864
0.456822
0.456758
0.456758
0.456721
0.456672
0.456647
0.456465
0.456467
0.456454
0.456433
0.456458
0.456432
0.456404
0.456394
0.456348
0.456364
0.456408
0.45641
0.45638
0.456413
0.456424
0.456436
0.456485
0.456532
0.456616
0.45651
0.456634
0.456614
0.456621
0.456643
0.456658
0.456661
0.45667
0.4566
0.456606
0.456618
0.456633
0.456651
0.456693
0.456754
0.456803
0.456812
0.456819
0.456852
0.456884
0.456897
0.456984
0.457005
0.456999
0.45697
0.457047
0.457012
0.457065
0.45706
0.45709
0.457145
0.457118
0.457121
0.457168
0.457197
0.457174
0.457151
0.457204
0.457217
0.457202
0.457159
0.457161
0.457212
0.457217
0.457238
0.457253
0.457303
0.457314
0.45727
0.456981
0.456975
0.456987
0.457007
0.457009
0.456994
0.457005
0.456996
0.456997
0.456997
0.457
0.456973
0.456994
0.457001
0.457043
0.457088
0.457064
0.457077
0.45711
0.457102
0.457126
0.457157
0.457179
0.457224
0.457308
0.457377
0.457363
0.457363
0.457367
0.457398
0.457439
0.457413
0.457432
0.457475
0.457515
0.457502
0.45753
0.457596
0.457582
0.45764
0.457665
0.457671
0.457797
0.45783
0.457861
0.457888
0.457932
0.458037
0.458074
0.458088
0.458153
0.45821
0.45825
0.458245
0.458248
0.458239
0.45829
0.458312
