0
0.146535
0.144401
0.161204
0.149141
0.159218
0.162837
0.167191
0.17513
0.179154
0.179818
0.180581
0.18479
0.188191
0.193402
0.195912
0.199006
0.199756
0.203902
0.208767
0.212334
0.213559
0.214325
0.217433
0.21943
0.221213
0.222753
0.226591
0.228618
0.229693
0.230318
0.23338
0.235914
0.238032
0.239572
0.240245
0.241877
0.243416
0.245303
0.247025
0.249136
0.249707
0.250638
0.251623
0.253288
0.254382
0.255267
0.256543
0.25844
0.259354
0.261366
0.263012
0.264461
0.266007
0.267041
0.267172
0.268054
0.267572
0.268104
0.268641
0.268361
0.268674
0.269265
0.270021
0.270506
0.270801
0.271705
0.271909
0.272271
0.272768
0.27336
0.273914
0.273816
0.27374
0.274169
0.275191
0.275667
0.276507
0.276873
0.277333
0.276784
0.277014
0.277301
0.277979
0.278255
0.278927
0.279107
0.280018
0.280003
0.279913
0.280378
0.280923
0.281307
0.281349
0.282129
0.282581
0.282769
0.283169
0.283081
0.283911
0.284309
0.284958
0.285257
0.285277
0.285868
0.286284
0.28651
0.287093
0.287398
0.287601
0.287861
0.28803
0.288325
0.288362
0.288815
0.28913
0.289348
0.28746
0.288044
0.2876
0.287523
0.288182
0.288408
0.288396
0.28856
0.288879
0.289002
0.289072
0.289434
0.289309
0.289351
0.289022
0.289076
0.289389
0.289385
0.289348
0.289846
0.290323
0.290328
0.290021
0.290109
0.290182
0.290557
0.290529
0.290613
0.290814
0.291068
0.29114
0.291111
0.291112
0.291109
0.291164
0.291414
0.291552
0.291984
0.292282
0.292396
0.292585
0.292722
0.292665
0.292501
0.292463
0.292948
0.293203
0.293523
0.293737
0.294163
0.294328
0.294765
0.294919
0.295398
0.295563
0.296019
0.29645
0.296503
0.296714
0.297059
0.297213
0.297509
0.297644
0.297906
0.298072
0.298279
0.298406
0.29866
0.298775
0.298861
0.298921
0.298897
0.298894
0.298665
0.298914
0.299269
0.29958
0.299744
0.299828
0.299742
0.299982
0.300391
0.300912
0.301093
0.30123
0.301332
0.301606
0.30213
0.302249
0.302487
0.302521
0.302418
0.30268
0.302946
0.30326
0.303223
0.303525
0.303851
0.303822
0.303975
0.303885
0.30419
0.304568
0.304798
0.30508
0.305302
0.305538
0.305774
0.306087
0.306389
0.306584
0.306752
0.30699
0.307206
0.307296
0.307402
0.307608
0.307773
0.308088
0.308371
0.308486
0.308729
0.308813
0.30895
0.309025
0.309008
0.309094
0.309349
0.309516
0.309831
0.309915
0.309623
0.309561
0.309873
0.310181
0.310372
0.310561
0.310744
0.31101
0.311257
0.311335
0.311479
0.311699
0.31173
0.312025
0.312248
0.312373
0.31243
0.312478
0.312583
0.312631
0.312578
0.312699
0.312001
0.312278
0.312382
0.312758
0.313029
0.313111
0.313182
0.313382
0.313648
0.313695
0.313656
0.31376
0.313872
0.313879
0.314034
0.314281
0.314441
0.314431
0.314505
0.314734
0.315047
0.314969
0.315072
0.315245
0.315539
0.315809
0.315813
0.315867
0.315946
0.316076
0.31632
0.316371
0.316545
0.316558
0.316735
0.316905
0.317126
0.317337
0.317713
0.317898
0.317825
0.317886
0.318015
0.318193
0.318471
0.318363
0.318451
0.318702
0.318861
0.318962
0.319054
0.319104
0.319018
0.318005
0.31704
0.316085
0.315142
0.314937
0.314966
0.315018
0.314898
0.314853
0.314821
0.314804
0.31486
0.314734
0.314595
0.31442
0.314324
0.31377
0.313675
0.313505
0.313461
0.31328
0.313397
0.313437
0.313315
0.313144
0.313024
0.313045
0.31302
0.31299
0.31305
0.313005
0.312966
0.312851
0.312759
0.312774
0.312872
0.312887
0.312848
0.312873
0.312896
0.312952
0.312943
0.313041
0.313048
0.312949
0.312962
0.312813
0.312801
0.312791
0.312811
0.312805
0.312863
0.312978
0.312771
0.312744
0.312751
0.312762
0.312731
0.312694
0.31273
0.312701
0.312468
0.312484
0.312328
0.312256
0.312226
0.312206
0.312175
0.312121
0.312178
0.312219
0.312189
0.312134
0.312103
0.312154
0.311434
0.311132
0.311184
0.311082
0.311041
0.310888
0.310903
0.310846
0.310881
0.310945
0.310947
0.310827
0.310862
0.310839
0.310913
0.311028
0.311112
0.311066
0.311179
0.311102
0.311169
0.311136
0.311171
0.310893
0.310577
0.310588
0.310596
0.31066
0.310725
0.310726
0.310662
0.310697
0.310572
0.310552
0.310538
0.31049
0.310471
0.310413
0.310434
0.310425
0.310459
0.31048
0.310507
0.310511
0.310456
0.310465
0.310456
0.31041
0.310454
0.310448
0.310503
0.310435
0.310406
0.310403
0.310404
0.310476
0.31048
0.310522
0.310557
0.310719
0.310805
0.310678
0.310676
0.310676
0.310757
0.31075
0.310747
0.310725
0.310786
0.310797
0.31082
0.310797
0.31073
0.310798
0.310821
0.310792
0.310864
0.310878
0.310875
0.310777
0.31089
0.310858
0.310894
0.310909
0.310916
0.310985
0.311029
0.310939
0.310996
0.310969
0.31094
0.310997
0.310962
0.31101
0.31112
0.311169
0.311087
0.311122
0.311125
0.311129
0.311163
0.311142
0.311172
0.311317
0.311328
0.311402
0.311484
0.311477
0.311393
0.311511
0.311561
0.31162
0.311556
0.311572
0.311598
0.31162
0.311618
0.311625
0.311645
0.311642
0.31157
0.311549
0.311527
0.311583
0.311602
0.31173
0.311723
0.311767
0.311746
0.311791
0.311779
0.311825
0.311799
0.311752
0.311792
0.311907
0.311961
0.312036
0.312023
0.312029
0.312048
0.312046
0.312135
0.312204
0.312218
0.312175
0.312235
0.312172
0.312296
0.312289
0.312278
0.312291
0.312284
0.312265
0.312321
0.312417
0.312452
0.312487
0.312524
0.312561
0.312585
0.312572
0.312512
0.3125
0.312088
0.312038
0.312078
0.312174
0.312184
0.312269
0.312272
0.312303
0.31239
0.312355
0.312387
0.31238
0.312386
0.312471
0.312488
0.312554
0.31256
0.312381
0.312041
0.312062
0.312056
0.312023
0.311987
0.312048
0.312097
0.31222
0.312199
0.312225
0.312274
0.312265
0.312382
0.312465
0.312512
0.312606
0.312597
0.312326
0.312291
0.312321
0.312282
0.31232
0.312397
0.312395
0.312413
0.312443
0.31249
0.312551
0.31257
0.312549
0.312547
0.312542
0.312577
0.312605
0.312652
0.312755
0.312774
0.312791
0.312567
0.312632
0.312665
0.312731
0.312735
0.31277
0.312839
0.312851
0.312875
0.312959
0.312965
0.313043
0.313042
0.313139
0.313117
0.312802
0.31283
0.312829
0.312798
0.312852
0.312854
0.312857
0.312811
0.312777
0.312767
0.312793
0.312795
0.312853
0.312852
0.312994
0.313045
0.313011
0.313037
0.313087
0.313132
0.313111
0.3131
0.313097
0.31314
0.313154
0.313198
0.313133
0.313187
0.313115
0.313083
0.313137
0.31325
0.313267
0.313299
0.313271
0.313313
0.31333
0.313327
0.313362
0.313369
0.313447
0.313531
0.313423
0.313462
0.313551
0.313589
0.313552
0.313585
0.313594
0.31359
0.31357
0.313631
0.313649
0.313685
0.313728
0.313775
0.313789
0.313832
0.313874
0.313946
0.313968
0.31399
0.313974
0.314016
0.31408
0.314032
0.314026
0.314013
0.314034
0.314061
0.314096
0.314112
0.314154
0.314164
0.314239
0.314257
0.314284
0.31431
0.314346
0.314378
0.314375
0.314396
0.314451
0.314434
0.31447
0.314527
0.31456
0.31455
0.314587
0.314605
0.314597
0.314624
0.314694
0.314685
0.314654
0.314649
0.31466
0.314703
0.314755
0.314716
0.314743
0.314764
0.314689
0.314597
0.31465
0.314636
0.314582
0.314657
0.314653
0.314678
0.314693
0.314752
0.314778
0.31481
0.314707
0.314675
0.314719
0.314759
0.314821
0.314782
0.314818
0.314797
0.314822
0.314902
0.314938
0.314981
0.314943
0.314975
0.314968
0.315005
0.315036
0.315026
0.31511
0.315127
0.315027
0.314891
0.314876
0.314969
0.314962
0.315007
0.314992
0.315004
0.314993
0.31502
0.315089
0.315174
0.315202
0.315254
0.315231
0.315303
0.315306
0.315323
0.3153
0.315271
0.315292
0.315319
0.315337
0.315447
0.315477
0.315412
0.315423
0.315453
0.315444
0.315452
0.315456
0.315503
0.315537
0.315512
0.315541
0.315591
0.315583
0.315586
0.315637
0.315645
0.315638
0.315698
0.315738
0.315728
0.315756
0.315819
0.315831
0.315844
0.31582
0.315843
0.315878
0.315894
0.315931
0.315934
0.315968
0.315997
0.316026
0.316063
0.316055
0.316106
0.316122
0.316127
0.316143
0.316148
0.316134
0.316134
0.316131
0.316139
0.316223
0.316264
0.316282
0.316279
0.316299
0.316325
0.316349
0.316357
0.316424
0.316401
0.316439
0.316453
0.316479
0.316543
0.316598
0.316668
0.316669
0.316725
0.316707
0.316762
0.316856
0.316824
0.31681
0.316849
0.316878
0.316936
0.316961
0.316996
0.317025
0.317026
0.317021
0.317037
0.317083
0.317072
0.317123
0.31678
0.316727
0.316722
0.316744
0.316741
0.316757
0.316796
0.316853
0.316852
0.316876
0.316881
0.316922
0.316923
0.316916
0.316937
0.316993
0.317092
0.317073
0.316926
0.316915
0.316918
0.316896
0.316885
0.316893
0.316898
0.316899
0.316869
0.316913
0.316966
0.316998
0.316985
0.316978
0.316969
0.316948
0.31698
0.316981
0.316969
0.317002
0.317051
0.317045
0.317031
0.316992
0.317014
0.317082
0.317138
0.317127
0.317172
0.317207
0.317182
0.317199
0.317204
0.317202
0.317238
0.317234
0.317313
0.31736
0.31737
0.317409
0.317426
0.317409
0.317448
0.317438
0.317424
0.317429
0.317459
0.317433
0.317504
0.317534
0.317602
0.31762
0.317646
0.317673
0.317712
0.317744
0.317806
0.317825
0.317863
0.317888
0.317914
0.317918
0.317945
0.31795
0.317947
0.317923
0.317919
0.31793
0.317934
0.317973
0.317977
0.318009
0.318068
0.318006
0.317874
0.317892
0.317903
0.317937
0.318029
0.318025
0.318049
0.318056
0.318032
0.318045
0.318108
0.318142
0.318163
0.31816
0.31814
0.318205
0.318248
0.318301
0.318309
0.31831
0.318334
0.31832
0.31833
0.31835
0.318375
0.318423
0.318432
0.318402
0.31842
0.31843
0.318505
0.318482
0.318487
0.318522
0.318522
0.318554
0.318574
0.318601
0.318676
