0
0.480808
0.399185
0.395349
0.334322
0.317161
0.307975
0.301342
0.298259
0.295831
0.295803
0.294273
0.294817
0.29814
0.30135
0.301927
0.30554
0.307692
0.310503
0.312484
0.313225
0.313461
0.315008
0.317713
0.319979
0.32262
0.325159
0.327069
0.328676
0.330569
0.330106
0.332019
0.335288
0.337092
0.339698
0.341058
0.342434
0.342699
0.344398
0.34667
0.347422
0.346348
0.34774
0.349424
0.351449
0.353019
0.354576
0.355575
0.357054
0.357901
0.359016
0.361127
0.361883
0.363
0.36365
0.364023
0.365526
0.364509
0.36541
0.365952
0.364917
0.365734
0.366468
0.366943
0.367693
0.3682
0.368421
0.36929
0.370352
0.370515
0.370901
0.371544
0.371287
0.371215
0.371678
0.371883
0.372037
0.372119
0.372935
0.37354
0.37303
0.372882
0.373438
0.373677
0.373805
0.373785
0.373749
0.373991
0.373803
0.373976
0.373943
0.374338
0.374651
0.374923
0.375004
0.375323
0.375923
0.37621
0.376472
0.376494
0.377151
0.377208
0.3772
0.377044
0.377223
0.377357
0.377876
0.377692
0.377394
0.377627
0.377338
0.377807
0.378077
0.378773
0.379363
0.379601
0.380093
0.377888
0.378563
0.378203
0.378273
0.37868
0.379039
0.379079
0.379175
0.379343
0.379664
0.379991
0.37999
0.38035
0.380448
0.380555
0.380646
0.381085
0.381292
0.381283
0.38155
0.381855
0.381546
0.381493
0.381622
0.381822
0.381924
0.381687
0.381975
0.382064
0.382314
0.382461
0.382572
0.382662
0.382712
0.382918
0.383228
0.383215
0.383493
0.383733
0.383646
0.383836
0.384064
0.38458
0.384975
0.385414
0.385235
0.38555
0.385669
0.385984
0.3862
0.386132
0.386505
0.386812
0.387266
0.387286
0.387637
0.387961
0.38797
0.388041
0.388085
0.38837
0.388389
0.388566
0.388929
0.389279
0.389389
0.389437
0.389598
0.3897
0.389878
0.389968
0.389832
0.389966
0.390228
0.390419
0.390779
0.390988
0.391052
0.391088
0.391312
0.391509
0.391796
0.392261
0.39266
0.393019
0.393169
0.393494
0.393526
0.393598
0.393705
0.393734
0.393666
0.393924
0.394225
0.394384
0.394548
0.394634
0.394827
0.394807
0.395033
0.395343
0.395586
0.395725
0.396039
0.396188
0.396222
0.396233
0.396454
0.396473
0.396772
0.396793
0.396974
0.397046
0.397216
0.397742
0.398013
0.398298
0.398673
0.39886
0.399017
0.399195
0.399308
0.399378
0.399592
0.399652
0.399627
0.399828
0.400063
0.400022
0.400365
0.400626
0.400562
0.400662
0.400737
0.400842
0.400987
0.401158
0.401286
0.401547
0.401624
0.40197
0.402184
0.402478
0.402551
0.402829
0.403053
0.403131
0.403287
0.403286
0.40358
0.403677
0.404034
0.404223
0.403562
0.403596
0.403751
0.403932
0.404192
0.40445
0.404592
0.404805
0.4049
0.405079
0.405105
0.405234
0.40526
0.405451
0.405631
0.405603
0.405665
0.405746
0.405789
0.405868
0.406004
0.406313
0.406316
0.40649
0.406655
0.406611
0.406743
0.40688
0.407004
0.4071
0.407281
0.407561
0.407599
0.407816
0.407919
0.408135
0.408434
0.408611
0.408979
0.409114
0.40913
0.409206
0.409367
0.409558
0.409709
0.409866
0.410094
0.410175
0.410266
0.410394
0.410688
0.410604
0.410372
0.409359
0.408205
0.407044
0.405858
0.405694
0.405499
0.405496
0.405297
0.405378
0.405284
0.405264
0.405222
0.405265
0.405225
0.405056
0.405056
0.404471
0.404341
0.404258
0.404192
0.403905
0.403876
0.403676
0.403513
0.403463
0.403442
0.403453
0.40328
0.403244
0.403314
0.403309
0.403193
0.403068
0.403018
0.403024
0.403131
0.403043
0.403032
0.403043
0.402942
0.402899
0.402927
0.403061
0.402968
0.402832
0.402802
0.402718
0.402548
0.402565
0.402469
0.402465
0.402421
0.402414
0.402419
0.40246
0.402427
0.402459
0.402411
0.402393
0.402256
0.402213
0.401977
0.401947
0.401709
0.401531
0.401556
0.401433
0.401299
0.401222
0.401336
0.40129
0.401209
0.401105
0.400985
0.401002
0.400133
0.399849
0.399862
0.399872
0.399805
0.399761
0.399837
0.399852
0.399927
0.399963
0.399999
0.39986
0.399853
0.399855
0.399749
0.399794
0.399812
0.399831
0.399946
0.399803
0.399868
0.39995
0.399963
0.399645
0.399257
0.399239
0.399258
0.399334
0.399289
0.399356
0.399341
0.39929
0.399307
0.399308
0.399292
0.399307
0.399353
0.399273
0.399178
0.39918
0.399088
0.39904
0.398995
0.399009
0.398946
0.398932
0.398917
0.398851
0.398743
0.398655
0.398627
0.398628
0.398709
0.398625
0.398536
0.398587
0.398473
0.398342
0.398203
0.39826
0.398268
0.398158
0.398211
0.398228
0.398292
0.398364
0.398381
0.398423
0.398317
0.398412
0.398394
0.39842
0.398363
0.398369
0.398449
0.398498
0.398588
0.398619
0.398617
0.398563
0.398714
0.398707
0.398821
0.398774
0.398852
0.398857
0.398761
0.398791
0.3987
0.398749
0.398792
0.398805
0.398795
0.398773
0.398794
0.398746
0.398753
0.398691
0.398665
0.39865
0.398665
0.398802
0.398844
0.398888
0.39884
0.398793
0.398745
0.398807
0.398743
0.398679
0.398743
0.398695
0.398647
0.398674
0.398683
0.398708
0.39876
0.398786
0.398777
0.398889
0.398916
0.398801
0.398885
0.398931
0.398935
0.399024
0.399084
0.399138
0.399167
0.399206
0.399301
0.399328
0.399292
0.399339
0.399398
0.39944
0.39944
0.399457
0.399361
0.399359
0.399375
0.399417
0.399463
0.399386
0.399327
0.399318
0.399433
0.399436
0.399498
0.399539
0.399485
0.399513
0.39959
0.399635
0.399751
0.399751
0.399704
0.39972
0.399786
0.399844
0.399843
0.399799
0.399797
0.399807
0.399296
0.399228
0.399343
0.39941
0.399328
0.399367
0.399403
0.399454
0.399513
0.399562
0.399545
0.399565
0.399624
0.399633
0.399671
0.399775
0.399831
0.399668
0.399326
0.399413
0.399444
0.399436
0.399343
0.399377
0.39941
0.399439
0.399469
0.399622
0.399651
0.399739
0.399735
0.399773
0.399737
0.399752
0.399705
0.399377
0.399421
0.399413
0.399514
0.399555
0.399655
0.399653
0.39965
0.399629
0.399564
0.399539
0.399595
0.39965
0.399721
0.399803
0.39986
0.399893
0.399908
0.39987
0.399926
0.399906
0.399677
0.399693
0.399703
0.399748
0.39979
0.399742
0.399786
0.399766
0.399827
0.399856
0.399868
0.399765
0.399832
0.399896
0.399977
0.399563
0.399523
0.399481
0.399494
0.399492
0.399475
0.399417
0.399386
0.39945
0.399478
0.399566
0.399509
0.399523
0.399534
0.399528
0.399537
0.399531
0.399503
0.399553
0.399526
0.399574
0.39963
0.399587
0.399611
0.399707
0.399703
0.399717
0.399756
0.399671
0.399623
0.399635
0.399599
0.399522
0.399564
0.399609
0.399651
0.399656
0.399659
0.399719
0.399754
0.399684
0.399648
0.399673
0.399647
0.399664
0.399666
0.399702
0.399717
0.399772
0.399825
0.399816
0.399875
0.399862
0.399891
0.399939
0.399993
0.39994
0.399897
0.399962
0.400015
0.400041
0.400098
0.400072
0.400155
0.400117
0.400187
0.400185
0.400212
0.400213
0.40024
0.400235
0.400317
0.400343
0.400401
0.4004
0.400415
0.400369
0.400376
0.400409
0.400424
0.400443
0.400475
0.400547
0.400561
0.400563
0.400547
0.400592
0.400614
0.400616
0.400672
0.400606
0.400561
0.400609
0.400577
0.400555
0.400626
0.40064
0.400712
0.4007
0.400696
0.400668
0.400703
0.40068
0.400589
0.400637
0.400603
0.400672
0.400666
0.400682
0.400665
0.400675
0.400645
0.400694
0.400715
0.400619
0.400665
0.400717
0.400744
0.400791
0.400788
0.400867
0.400944
0.400982
0.401036
0.40107
0.401128
0.40107
0.401082
0.401099
0.401086
0.401107
0.401165
0.401216
0.401266
0.401111
0.400995
0.400993
0.401064
0.401097
0.401171
0.401176
0.401224
0.401213
0.40129
0.401365
0.401336
0.401336
0.401336
0.401291
0.401271
0.401237
0.401308
0.401314
0.401319
0.401345
0.401404
0.401503
0.401539
0.401584
0.4016
0.401668
0.401709
0.401694
0.401741
0.401777
0.401745
0.401746
0.401793
0.401778
0.401778
0.401818
0.401956
0.401966
0.401908
0.401939
0.401928
0.401954
0.401991
0.402
0.401955
0.40203
0.402131
0.402128
0.402107
0.402145
0.40215
0.402243
0.40227
0.402284
0.4023
0.402286
0.402359
0.402421
0.402423
0.402474
0.402464
0.402487
0.40256
0.402627
0.402625
0.40261
0.402666
0.402653
0.402639
0.402657
0.402701
0.402762
0.402824
0.402886
0.402913
0.402961
0.402976
0.402954
0.402988
0.403023
0.403062
0.403075
0.4031
0.403207
0.403301
0.403399
0.403411
0.403491
0.403544
0.403594
0.403621
0.40365
0.403707
0.403706
0.403743
0.403806
0.403846
0.403908
0.40393
0.403947
0.404001
0.403972
0.403573
0.403536
0.403517
0.403538
0.403517
0.403509
0.40355
0.4036
0.403655
0.403646
0.403684
0.403698
0.403759
0.403801
0.403851
0.40379
0.40382
0.403854
0.403704
0.403694
0.403682
0.403719
0.403793
0.403812
0.403835
0.403815
0.403857
0.403818
0.403845
0.403835
0.403842
0.403815
0.403815
0.403842
0.403873
0.403879
0.403901
0.40388
0.403919
0.403957
0.403961
0.403899
0.4039
0.403871
0.403887
0.403864
0.403888
0.403883
0.403835
0.403866
0.403909
0.403932
0.403941
0.403964
0.403967
0.404038
0.404046
0.404082
0.404152
0.404169
0.404225
0.404216
0.404219
0.404186
0.404171
0.40419
0.40419
0.404226
0.404277
0.404261
0.404234
0.404291
0.404336
0.404386
0.404391
0.404384
0.404447
0.404489
0.404469
0.404507
0.404601
0.404634
0.404636
0.404684
0.40469
0.404723
0.40477
0.404828
0.404858
0.404878
0.404857
0.404836
0.404714
0.404721
0.404698
0.404689
0.404712
0.40469
0.404734
0.404773
0.404791
0.404831
0.404852
0.404921
0.404898
0.404893
0.404913
0.404917
0.404918
0.404876
0.404962
0.404908
0.404955
0.404989
0.405015
0.405017
0.405017
0.405042
0.405103
0.405164
0.405154
0.405193
0.405244
0.405286
0.405299
0.405291
0.405342
0.405392
0.405393
0.405416
0.405498
