0.794479
0.809598
0.824742
0.81589
0.818622
0.816767
0.818925
0.815373
0.812962
0.8125
0.801364
0.785857
0.776216
0.767577
0.759639
0.752832
0.750354
0.743876
0.741219
0.737981
0.729098
0.721955
0.710623
0.703574
0.697568
0.691605
0.682854
0.67861
0.67392
0.67123
0.663514
0.657469
0.651581
0.646867
0.641074
0.637113
0.633117
0.628933
0.626311
0.621864
0.615119
0.609113
0.603218
0.59888
0.592795
0.587564
0.582302
0.579079
0.575248
0.570469
0.565051
0.560925
0.555908
0.551382
0.546876
0.544069
0.54111
0.537499
0.533831
0.53029
0.527064
0.52375
0.520253
0.516369
0.51341
0.510321
0.507193
0.504777
0.50219
0.498889
0.496637
0.493907
0.49179
0.489585
0.487671
0.484822
0.482783
0.480292
0.478008
0.476143
0.47434
0.473159
0.471792
0.470536
0.469717
0.468101
0.467247
0.466032
0.464856
0.46415
0.463882
0.463334
0.463085
0.463017
0.462443
0.462336
0.462373
0.461981
0.461156
0.461069
0.460535
0.460203
0.459707
0.459392
0.458945
0.458192
0.454652
0.454269
0.453458
0.452993
0.453312
0.453269
0.452951
0.452892
0.452685
0.452556
0.452572
0.452813
0.452206
0.45209
0.451582
0.451434
0.45144
0.451311
0.451481
0.451251
0.450793
0.45097
0.451269
0.451146
0.450859
0.45069
0.450733
0.450572
0.450766
0.450571
0.450746
0.450686
0.45052
0.450449
0.450558
0.450509
0.450391
0.450513
0.450481
0.45035
0.449754
0.44938
0.449544
0.449176
0.4495
0.449585
0.449738
0.449546
0.449564
0.449563
0.449928
0.450267
0.450184
0.450125
0.450117
0.450697
0.451125
0.451071
0.451314
0.451071
0.451048
0.451241
0.451146
0.451049
0.451215
0.451051
0.451057
0.451214
0.450956
0.45112
0.451343
0.451623
0.45178
0.451892
0.451952
0.452102
0.452165
0.452172
0.452277
0.452256
0.45241
0.452629
0.452513
0.452607
0.452502
0.452645
0.452643
0.452932
0.452845
0.452769
0.452716
0.45248
0.452484
0.452752
0.452812
0.452925
0.452771
0.452952
0.453148
0.453228
0.453407
0.453599
0.453961
0.45413
0.454236
0.454522
0.454738
0.454837
0.455201
0.455326
0.4555
0.455966
0.455845
0.455894
0.456235
0.456528
0.456799
0.456835
0.457088
0.457192
0.457353
0.457459
0.457757
0.457929
0.457976
0.457899
0.458072
0.458305
0.458291
0.458574
0.458731
0.458538
0.45881
0.458717
0.458701
0.458932
0.459118
0.459182
0.459323
0.45958
0.45964
0.45981
0.460135
0.46022
0.460509
0.460573
0.460654
0.460722
0.46064
0.460638
0.460813
0.461255
0.461205
0.4604
0.46037
0.46041
0.460191
0.460369
0.460366
0.460138
0.459961
0.459879
0.459954
0.45991
0.459819
0.459748
0.459797
0.459686
0.459566
0.459576
0.459341
0.459036
0.458898
0.458883
0.458714
0.458566
0.45869
0.458681
0.458707
0.458539
0.458399
0.45828
0.458255
0.458264
0.458267
0.458256
0.458348
0.458248
0.458316
0.458117
0.458124
0.457937
0.457831
0.457661
0.457698
0.457632
0.457459
0.457393
0.457296
0.457266
0.457136
0.457042
0.457151
0.457015
0.456719
0.45651
0.455207
0.453845
0.452441
0.451125
0.450809
0.450722
0.450694
0.450644
0.45071
0.450643
0.45035
0.450304
0.450273
0.45022
0.450052
0.44983
0.448888
0.448917
0.448816
0.44863
0.448429
0.448278
0.448049
0.447946
0.447722
0.447732
0.447522
0.44741
0.447395
0.447446
0.447403
0.447379
0.447247
0.447203
0.447173
0.447084
0.447013
0.446772
0.446816
0.446831
0.446795
0.446681
0.446846
0.446912
0.446755
0.44676
0.446766
0.446769
0.446816
0.446859
0.446938
0.447019
0.447017
0.447255
0.447302
0.44731
0.447476
0.447511
0.447509
0.447557
0.447512
0.447174
0.447256
0.447077
0.44685
0.446874
0.447043
0.447072
0.447151
0.447212
0.447238
0.447133
0.447041
0.447236
0.44725
0.446309
0.445946
0.446079
0.446169
0.446241
0.446323
0.446478
0.446566
0.446572
0.446603
0.446739
0.446859
0.446906
0.44701
0.447138
0.447226
0.447381
0.447455
0.447582
0.447665
0.447622
0.447712
0.447883
0.447524
0.447104
0.447164
0.447365
0.447471
0.447599
0.447588
0.447694
0.447879
0.447877
0.447916
0.448109
0.448105
0.44824
0.44825
0.448265
0.448417
0.448483
0.448585
0.448636
0.448747
0.44865
0.448714
0.448655
0.44872
0.448761
0.448896
0.448978
0.449021
0.449055
0.449123
0.449318
0.449391
0.449424
0.449401
0.449477
0.449645
0.449743
0.44978
0.449879
0.449897
0.449879
0.449994
0.450104
0.450091
0.450103
0.450164
0.450282
0.450268
0.450413
0.450483
0.450604
0.450698
0.450879
0.45091
0.450959
0.451101
0.451233
0.451365
0.451439
0.451573
0.451718
0.451781
0.451798
0.451807
0.451883
0.451952
0.452162
0.452326
0.452332
0.452411
0.452502
0.452579
0.452554
0.45258
0.45276
0.452792
0.452736
0.45272
0.452684
0.452751
0.452658
0.452748
0.452866
0.452891
0.452977
0.453092
0.453101
0.45319
0.453192
0.453279
0.453287
0.453309
0.453421
0.453432
0.453425
0.453556
0.453538
0.453515
0.453517
0.453591
0.453604
0.453613
0.453607
0.453639
0.453662
0.453778
0.453786
0.453844
0.453876
0.453956
0.453973
0.454114
0.454268
0.454344
0.454358
0.454415
0.454374
0.454471
0.454558
0.454473
0.454522
0.454615
0.454672
0.454696
0.454747
0.454855
0.454995
0.455079
0.455173
0.455263
0.455459
0.455457
0.455519
0.455571
0.455624
0.455726
0.455722
0.455691
0.455779
0.455935
0.45536
0.455298
0.45544
0.455546
0.455432
0.455428
0.455473
0.455521
0.455561
0.455664
0.455696
0.455792
0.455803
0.455925
0.456006
0.456073
0.456129
0.455914
0.455418
0.45541
0.455454
0.455261
0.455164
0.455218
0.455176
0.45519
0.455222
0.455226
0.455169
0.455113
0.454987
0.454945
0.454899
0.454921
0.454853
0.454377
0.454326
0.454329
0.45428
0.454316
0.454338
0.454325
0.454318
0.454287
0.454345
0.454317
0.454372
0.454416
0.454396
0.454385
0.454333
0.454314
0.454341
0.454287
0.45425
0.454189
0.453877
0.453888
0.453902
0.453976
0.453969
0.454017
0.453992
0.454006
0.454024
0.454023
0.454026
0.45405
0.454024
0.454004
0.454008
0.453476
0.45343
0.453372
0.453251
0.453253
0.453177
0.453116
0.453087
0.453134
0.453131
0.453127
0.453044
0.453003
0.452929
0.452897
0.452846
0.452811
0.452805
0.452783
0.452823
0.452818
0.452785
0.452718
0.452739
0.452745
0.452721
0.452666
0.452671
0.452503
0.452478
0.452477
0.452481
0.452448
0.452495
0.452415
0.452407
0.452325
0.452194
0.452214
0.452233
0.452263
0.452356
0.452358
0.452297
0.452283
0.452258
0.452264
0.452223
0.452308
0.452338
0.452362
0.452478
0.452542
0.452569
0.452645
0.452699
0.452724
0.452819
0.452883
0.452885
0.452902
0.453025
0.453035
0.453015
0.453085
0.453075
0.453076
0.453112
0.453159
0.453222
0.45331
0.453389
0.453443
0.453491
0.453513
0.453597
0.453728
0.453826
0.453821
0.453852
0.45395
0.453954
0.453984
0.454027
0.454091
0.454177
0.454231
0.454269
0.454312
0.454365
0.454366
0.454334
0.454366
0.454394
0.454397
0.45452
0.454607
0.454613
0.454741
0.45479
0.454836
0.454904
0.454821
0.45469
0.454709
0.454781
0.45487
0.4549
0.454946
0.455001
0.455109
0.45525
0.455269
0.455327
0.455227
0.455318
0.455383
0.455482
0.455579
0.455696
0.455743
0.455829
0.455869
0.455944
0.456021
0.456098
0.456158
0.456202
0.456272
0.456309
0.456311
0.456392
0.45644
0.456434
0.456353
0.456137
0.456195
0.456211
0.456296
0.456352
0.456447
0.456447
0.456516
0.456543
0.456559
0.456633
0.456741
0.456816
0.456898
0.456931
0.457022
0.457062
0.45712
0.457185
0.457229
0.457213
0.45724
0.457273
0.457313
0.457364
0.457473
0.45749
0.457538
0.457563
0.457588
0.457621
0.457718
0.457771
0.457838
0.457831
0.457913
0.457989
0.45804
0.458026
0.458121
0.458133
0.458138
0.458243
0.458277
0.458344
0.458324
0.458416
0.458474
0.458594
0.458645
0.458761
0.458773
0.458768
0.45879
0.458819
0.458886
0.458945
0.459026
0.459068
0.459124
0.459093
0.45908
0.459157
0.459188
0.459204
0.459244
0.459259
0.459316
0.459367
0.459393
0.45947
0.459544
0.459605
0.459616
0.459686
0.45968
0.45974
0.459814
0.459872
0.459941
0.460061
0.460091
0.460094
0.460143
0.46021
0.460264
0.460271
0.460257
0.460343
0.460362
0.460433
0.460449
0.460495
0.460562
0.460599
0.460636
0.460653
0.460682
0.460645
0.460751
0.460763
0.460798
0.460299
0.460196
0.460103
0.460071
0.46005
0.459941
0.459872
0.459791
0.45975
0.459687
0.459553
0.459513
0.459449
0.459454
0.459476
0.459359
0.459267
0.459151
0.458814
0.458784
0.4588
0.458741
0.458662
0.458608
0.458579
0.458545
0.458489
0.458458
0.458398
0.458333
0.45827
0.458212
0.458131
0.458073
0.458061
0.458028
0.458034
0.458035
0.457979
0.457918
0.457889
0.457767
0.457637
0.457599
0.457561
0.457512
0.457417
0.457389
0.457354
0.457352
0.457325
0.457245
0.457213
0.457117
0.457001
0.456974
0.456873
0.456783
0.456757
0.456735
0.456689
0.456625
0.456585
0.456517
0.456407
0.456407
0.456352
0.456307
0.456296
0.456254
0.456194
0.456161
0.456056
0.455977
0.455945
0.455946
0.455877
0.455846
0.455759
0.455703
0.455652
0.45563
0.45559
0.455592
0.455505
0.455443
0.455371
0.455335
0.455275
0.455251
0.455204
0.455087
0.454883
0.45488
0.45483
0.454735
0.454681
0.454565
0.454541
0.454545
0.454486
0.454524
0.454591
0.45462
0.454667
0.454742
0.454839
0.454882
0.454953
0.454942
0.454996
0.454992
0.455062
0.455081
0.455077
0.455147
0.455212
0.455255
0.455242
0.455274
0.455326
0.455347
0.455396
0.455469
0.455477
0.455523
0.455558
0.455632
0.455663
0.455671
0.455697
