0
0.460251
0.499484
0.524881
0.531219
0.542129
0.545979
0.550594
0.552004
0.552965
0.553893
0.5532
0.554964
0.552008
0.553395
0.552815
0.551804
0.551934
0.546354
0.545626
0.544874
0.543059
0.541569
0.53989
0.540718
0.539226
0.538985
0.537772
0.537279
0.536349
0.535927
0.52788
0.525856
0.523632
0.522502
0.520106
0.517872
0.517358
0.514902
0.513072
0.51119
0.510012
0.509
0.507907
0.507436
0.505719
0.504685
0.503871
0.501798
0.49986
0.497554
0.496086
0.494754
0.493936
0.492763
0.492143
0.491061
0.490656
0.489859
0.488171
0.487144
0.486063
0.483897
0.482955
0.482041
0.481892
0.481518
0.481139
0.4804
0.477721
0.477599
0.476147
0.475015
0.474204
0.473347
0.471495
0.470632
0.470019
0.469897
0.469143
0.468736
0.467717
0.465583
0.465224
0.464849
0.46434
0.463666
0.463013
0.463203
0.462554
0.46214
0.461761
0.461055
0.46021
0.460012
0.459635
0.45957
0.458784
0.458281
0.458056
0.457597
0.457206
0.457343
0.45675
0.45648
0.455944
0.455448
0.454956
0.454526
0.454209
0.454341
0.454453
0.454148
0.453487
0.453544
0.453367
0.453274
0.453037
0.452632
0.451161
0.450905
0.450696
0.450927
0.450614
0.450647
0.450619
0.450329
0.450135
0.450262
0.450233
0.450501
0.450293
0.45039
0.450421
0.450345
0.449835
0.449488
0.449416
0.449221
0.448961
0.448835
0.448862
0.44851
0.4486
0.448372
0.448321
0.44827
0.447976
0.447809
0.447792
0.447567
0.447561
0.447489
0.44735
0.447307
0.447443
0.447601
0.447575
0.447533
0.447534
0.447294
0.447396
0.447718
0.447682
0.447789
0.447652
0.447447
0.447449
0.445753
0.445901
0.445926
0.445703
0.445877
0.44573
0.445626
0.445478
0.445211
0.445225
0.445505
0.446169
0.446164
0.446145
0.446232
0.446053
0.445045
0.444912
0.444792
0.444676
0.445022
0.444947
0.44484
0.44465
0.444614
0.444635
0.444548
0.444366
0.444509
0.444636
0.444748
0.444712
0.444656
0.44453
0.444821
0.444882
0.444849
0.444741
0.444874
0.44485
0.44487
0.445033
0.445129
0.445034
0.444928
0.444851
0.444752
0.444743
0.44464
0.444578
0.444697
0.444681
0.444538
0.444526
0.444251
0.444307
0.444344
0.444378
0.444707
0.444421
0.44476
0.444748
0.444907
0.444943
0.444769
0.444983
0.445077
0.44522
0.445293
0.445359
0.445425
0.445717
0.445572
0.445571
0.445576
0.445576
0.445001
0.444992
0.445016
0.445163
0.445047
0.445046
0.445001
0.445249
0.445163
0.445051
0.444981
0.444995
0.444517
0.444578
0.444686
0.444592
0.444596
0.444362
0.444065
0.444
0.443915
0.444066
0.444077
0.444233
0.444448
0.444655
0.444679
0.444785
0.444809
0.445036
0.445102
0.444981
0.445159
0.445185
0.44545
0.445443
0.445418
0.445633
0.445632
0.445721
0.445761
0.445692
0.44569
0.445857
0.445942
0.446088
0.446096
0.446152
0.446312
0.446357
0.446415
0.446431
0.4466
0.446811
0.446693
0.446556
0.446609
0.446639
0.446635
0.446975
0.447055
0.447111
0.447188
0.447124
0.447225
0.447242
0.447315
0.447175
0.44722
0.447076
0.447205
0.447172
0.447034
0.44698
0.447117
0.447116
0.447263
0.447384
0.447415
0.447547
0.447729
0.447686
0.44766
0.447846
0.447815
0.44784
0.446966
0.447065
0.44716
0.447122
0.447058
0.447214
0.447336
0.44747
0.447617
0.447495
0.447346
0.447326
0.447306
0.447494
0.447618
0.447717
0.447697
0.447698
0.447843
0.447929
0.447972
0.447983
0.448005
0.448091
0.448159
0.448091
0.448169
0.448139
0.448185
0.448185
0.44794
0.448035
0.448043
0.447631
0.446546
0.446441
0.446287
0.446103
0.446016
0.446005
0.445952
0.445911
0.445889
0.445876
0.445852
0.445711
0.445674
0.445766
0.445779
0.445864
0.445811
0.445654
0.445539
0.445488
0.445542
0.445562
0.445586
0.445494
0.445434
0.445409
0.445489
0.445537
0.445348
0.445391
0.445376
0.445161
0.445186
0.445057
0.445096
0.445029
0.444978
0.444877
0.444925
0.444947
0.444897
0.444861
0.444886
0.444734
0.444763
0.444782
0.444796
0.444628
0.444677
0.444595
0.444488
0.444528
0.444289
0.444214
0.444194
0.44421
0.444209
0.444238
0.444236
0.444205
0.444275
0.444222
0.444128
0.444108
0.444077
0.444167
0.444177
0.444118
0.444086
0.444137
0.444151
0.444299
0.444368
0.444356
0.444431
0.444491
0.444574
0.444557
0.444542
0.444531
0.444536
0.444483
0.444481
0.444533
0.444553
0.444696
0.444752
0.444802
0.444673
0.444729
0.444727
0.444743
0.444696
0.444788
0.444821
0.444893
0.444973
0.444869
0.444875
0.44494
0.445059
0.445021
0.445001
0.445077
0.445014
0.444951
0.44487
0.44491
0.444815
0.444785
0.444748
0.444742
0.44474
0.444796
0.444917
0.444913
0.445014
0.444979
0.445009
0.44503
0.445146
0.445071
0.444951
0.444937
0.444844
0.444836
0.444946
0.445033
0.445042
0.444367
0.443737
0.443746
0.443819
0.443671
0.443711
0.443606
0.443593
0.443552
0.443567
0.443562
0.443508
0.443449
0.443435
0.443428
0.443412
0.443382
0.443423
0.443421
0.443469
0.443419
0.443385
0.443193
0.443198
0.443279
0.443375
0.44338
0.443379
0.443415
0.443326
0.443346
0.443361
0.443351
0.443408
0.443299
0.4433
0.443295
0.443249
0.443289
0.443275
0.443267
0.44335
0.443304
0.443341
0.443408
0.44342
0.443486
0.443469
0.443469
0.443549
0.443621
0.44364
0.443671
0.44362
0.443584
0.443601
0.443602
0.443635
0.443663
0.443636
0.443576
0.44358
0.443603
0.443602
0.443644
0.443665
0.443765
0.443823
0.443763
0.443797
0.443906
0.443952
0.443933
0.443964
0.443998
0.444017
0.444083
0.444093
0.444189
0.444301
0.444214
0.444216
0.444198
0.444283
0.444285
0.444259
0.444294
0.444275
0.44425
0.444323
0.444331
0.444396
0.444379
0.444373
0.44433
0.444435
0.444456
0.444356
0.444352
0.444354
0.444409
0.444467
0.444604
0.444626
0.444659
0.444661
0.444606
0.444548
0.444628
0.44464
0.444578
0.4446
0.444655
0.4448
0.444817
0.444891
0.444862
0.444872
0.44486
0.444838
0.444862
0.444838
0.444812
0.444821
0.444874
0.444845
0.444825
0.444895
0.444949
0.444918
0.444917
0.444991
0.445054
0.445127
0.445088
0.445064
0.445116
0.445073
0.445149
0.445183
0.445288
0.445307
0.445335
0.445364
0.445423
0.445472
0.445481
0.445604
0.445609
0.445525
0.445466
0.445354
0.445201
0.445223
0.4453
0.445442
0.445464
0.44556
0.445623
0.445631
0.445638
0.445647
0.445679
0.445695
0.44581
0.445827
0.445839
0.445828
0.445851
0.445796
0.445834
0.445837
0.445924
0.445971
0.44592
0.445917
0.445955
0.445984
0.445988
0.446067
0.446104
0.446121
0.446167
0.446158
0.44618
0.446178
0.446196
0.446189
0.446151
0.446131
0.446096
0.446177
0.446127
0.446215
0.446311
0.446379
0.446415
0.446485
0.446505
0.446568
0.446558
0.446612
0.446658
0.446721
0.446827
0.446815
0.446746
0.44673
0.446767
0.446842
0.446822
0.446868
0.446825
0.446817
0.446851
0.446811
0.446848
0.446883
0.446924
0.44694
0.447005
0.44692
0.446906
0.446927
0.446985
0.447045
0.447114
0.44713
0.447258
0.447282
0.447256
0.447281
0.447348
0.447333
0.447288
0.447366
0.447413
0.447405
0.447475
0.447534
0.447407
0.446934
0.446322
0.445768
0.445274
0.445053
0.445045
0.44509
0.445038
0.445062
0.445082
0.445039
0.445043
0.444995
0.444931
0.444897
0.444873
0.444867
0.444866
0.444851
0.444847
0.444832
0.444893
0.44486
0.444808
0.444806
0.444786
0.444774
0.444699
0.444662
0.444633
0.444571
0.444547
0.444542
0.44453
0.444519
0.444441
0.444419
0.444377
0.444406
0.444352
0.444343
0.444353
0.444339
0.444332
0.4443
0.444236
0.444193
0.444168
0.444158
0.444123
0.444142
0.444141
0.444052
0.444052
0.444012
0.444036
0.444003
0.443879
0.44385
0.443804
0.443823
0.443809
0.443766
0.443791
0.443815
0.443636
0.443208
0.443198
0.443104
0.443139
0.443136
0.443086
0.443074
0.44304
0.443003
0.443003
0.442999
0.443035
0.443053
0.443022
0.442963
0.442959
0.442931
0.442899
0.442878
0.44285
0.442877
0.442888
0.442929
0.442939
0.443004
0.442981
0.44298
0.442995
0.442929
0.44288
0.442906
0.442925
0.442909
0.442913
0.442865
0.442747
0.442738
0.442705
0.442683
0.44267
0.442599
0.442566
0.442597
0.442543
0.442453
0.442418
0.442395
0.442369
0.442377
0.442426
0.442405
0.442368
0.442303
0.442335
0.442332
0.442256
0.442261
0.442213
0.442214
0.44219
0.442201
0.44217
0.442172
0.442131
0.442155
0.442098
0.442084
0.44205
0.441987
0.442022
0.442034
0.442005
0.441978
0.441961
0.441846
0.441817
0.441802
0.441805
0.441812
0.441845
0.441823
0.441832
0.44181
0.441822
0.441784
0.441779
0.441698
0.441661
0.441638
0.441595
0.441616
0.441678
0.441629
0.441652
0.441651
0.441643
0.441711
0.441674
0.441701
0.441658
0.441677
0.441639
0.441651
0.441598
0.441581
0.441606
0.441652
0.441583
0.441649
0.441597
0.441589
0.441571
0.441593
0.441594
0.441673
0.44173
0.441757
0.441707
0.441688
0.44167
0.441664
0.441655
0.441655
0.441638
0.441623
0.44165
0.441585
0.441554
0.441544
0.441515
0.441522
0.441502
0.441494
0.441445
0.441447
0.44147
0.441465
0.441415
0.441399
0.4414
0.441266
0.441193
0.441187
0.441203
0.441197
0.441225
0.441229
0.441272
0.441238
0.441224
0.441096
0.440689
0.440541
0.440522
0.440499
0.440473
0.44046
0.440455
0.440454
0.440417
0.440361
0.440324
0.440318
0.439959
0.439979
0.43998
0.439989
0.439959
0.439934
0.43993
0.439911
0.439864
0.439758
0.43978
0.439781
0.439855
0.439807
0.439835
0.439778
0.439777
0.439755
0.439689
0.439653
0.439626
0.439643
0.439606
0.439572
0.439547
0.439629
0.439612
0.439643
0.439617
0.439607
0.439577
0.43935
0.439326
0.439357
0.439301
0.439264
0.439224
0.439149
