0
0.149425
0.292919
0.349641
0.37289
0.379821
0.390763
0.399043
0.409561
0.415757
0.423937
0.432348
0.435723
0.437387
0.439619
0.442396
0.443594
0.445421
0.441459
0.44182
0.443141
0.443385
0.443965
0.444149
0.442262
0.441273
0.4402
0.437965
0.438104
0.437949
0.438378
0.432276
0.429746
0.427943
0.425538
0.42304
0.422243
0.420424
0.418758
0.417609
0.41536
0.41403
0.413758
0.411523
0.410302
0.409121
0.408261
0.407794
0.405656
0.405334
0.403313
0.40221
0.400606
0.400575
0.399929
0.398978
0.398095
0.397733
0.396628
0.395116
0.395156
0.395405
0.394069
0.392926
0.392594
0.391629
0.391761
0.390779
0.390411
0.389041
0.388134
0.386945
0.386007
0.384996
0.384191
0.382982
0.382061
0.38163
0.380791
0.380348
0.379484
0.378711
0.376975
0.376547
0.376337
0.375702
0.374649
0.374446
0.373581
0.372824
0.372074
0.371409
0.370827
0.370925
0.370424
0.369513
0.369193
0.368957
0.368433
0.367926
0.367465
0.36711
0.36699
0.366743
0.366248
0.36604
0.365882
0.365753
0.365337
0.364978
0.364675
0.364764
0.364507
0.364178
0.363905
0.363928
0.363278
0.363008
0.362558
0.361252
0.361023
0.360668
0.360406
0.360241
0.359814
0.359387
0.359433
0.359277
0.359355
0.359188
0.359152
0.359116
0.358876
0.358605
0.358851
0.35845
0.358635
0.358734
0.358783
0.358901
0.358409
0.358313
0.358095
0.357898
0.357835
0.357951
0.357943
0.357549
0.357483
0.357408
0.357052
0.357243
0.357237
0.357231
0.357209
0.357381
0.357131
0.357064
0.357119
0.356962
0.357008
0.357283
0.357143
0.357015
0.357051
0.357181
0.357175
0.357318
0.355769
0.355682
0.355527
0.355594
0.355517
0.355823
0.355858
0.355772
0.355851
0.355849
0.35604
0.35603
0.356039
0.3561
0.35594
0.355487
0.354501
0.354239
0.353972
0.353718
0.353919
0.353955
0.354036
0.354182
0.354061
0.353929
0.353873
0.35381
0.35363
0.353671
0.35376
0.353752
0.353658
0.353959
0.354092
0.353927
0.353852
0.353733
0.353933
0.354212
0.354311
0.354416
0.354302
0.354331
0.3543
0.354095
0.354061
0.354167
0.354323
0.354423
0.354452
0.354559
0.354613
0.354637
0.354434
0.35454
0.354495
0.354355
0.354293
0.353999
0.354056
0.354295
0.354273
0.354258
0.354301
0.354543
0.354779
0.354889
0.354881
0.354791
0.354905
0.354876
0.355138
0.355015
0.354924
0.354741
0.354397
0.354481
0.35444
0.35446
0.354412
0.354247
0.35446
0.35446
0.354646
0.354651
0.354747
0.354631
0.354057
0.353981
0.354116
0.354045
0.354026
0.354284
0.353874
0.354045
0.353978
0.353904
0.35406
0.354093
0.354084
0.353986
0.353983
0.354008
0.35425
0.354188
0.354263
0.354491
0.354697
0.354649
0.354747
0.354741
0.354742
0.354933
0.354841
0.354822
0.354924
0.354881
0.355068
0.35518
0.355116
0.355131
0.355111
0.354997
0.355084
0.355116
0.355316
0.355343
0.355378
0.355495
0.355519
0.35546
0.355406
0.355698
0.355843
0.35592
0.356028
0.356289
0.356311
0.356433
0.356516
0.356609
0.356698
0.356478
0.356696
0.356881
0.357011
0.356906
0.356927
0.357061
0.357203
0.357267
0.357184
0.357057
0.357062
0.357142
0.357205
0.357331
0.35748
0.357464
0.357429
0.357417
0.356435
0.356478
0.356511
0.356489
0.356605
0.356686
0.356704
0.356646
0.356697
0.3566
0.356592
0.35661
0.356683
0.356721
0.356868
0.356887
0.356851
0.356828
0.356924
0.357026
0.35702
0.356998
0.356983
0.357211
0.357282
0.357312
0.357432
0.357388
0.357395
0.357374
0.35718
0.357186
0.35715
0.356777
0.355838
0.355808
0.355824
0.355776
0.355733
0.355736
0.355665
0.355671
0.355559
0.355568
0.355691
0.355641
0.355634
0.355632
0.355628
0.355746
0.355844
0.355754
0.355697
0.355726
0.355701
0.35569
0.355645
0.355707
0.355684
0.355742
0.355715
0.355701
0.355715
0.355805
0.355676
0.355495
0.355475
0.355534
0.35547
0.355393
0.355272
0.355154
0.355094
0.355088
0.355158
0.355104
0.354972
0.354959
0.354913
0.354911
0.354945
0.354881
0.354903
0.354816
0.354639
0.354715
0.354558
0.3545
0.354528
0.354401
0.354328
0.354325
0.354287
0.354178
0.354035
0.354087
0.354009
0.353947
0.353948
0.353901
0.353986
0.354056
0.35406
0.354026
0.354067
0.354177
0.354177
0.354203
0.354227
0.354289
0.354429
0.35449
0.354554
0.354538
0.354504
0.354571
0.354559
0.354579
0.354719
0.354752
0.35479
0.354731
0.354666
0.354734
0.354684
0.354651
0.354642
0.354717
0.354711
0.354749
0.354675
0.35467
0.35474
0.354618
0.354598
0.354565
0.354524
0.354539
0.354544
0.35456
0.354548
0.354554
0.354617
0.35467
0.354781
0.354794
0.354777
0.35474
0.354785
0.354725
0.354743
0.35475
0.354791
0.354825
0.354882
0.355015
0.355035
0.355035
0.354877
0.354903
0.354961
0.354968
0.355023
0.354348
0.353833
0.353848
0.353868
0.353995
0.354106
0.354037
0.354118
0.354125
0.354046
0.3541
0.354111
0.354125
0.354114
0.354053
0.354059
0.354052
0.354081
0.354046
0.354059
0.354056
0.354096
0.353907
0.35387
0.353903
0.353895
0.353878
0.353882
0.35382
0.353901
0.353877
0.353869
0.35393
0.353872
0.35383
0.353795
0.35368
0.353652
0.353683
0.35373
0.353754
0.353714
0.353761
0.353768
0.353723
0.35378
0.353786
0.35379
0.353795
0.35387
0.353856
0.35398
0.354026
0.354161
0.35404
0.354109
0.354102
0.354123
0.354068
0.354127
0.354221
0.354171
0.354216
0.354249
0.354179
0.354179
0.35413
0.354133
0.354107
0.354106
0.354183
0.354201
0.354184
0.354196
0.354197
0.354141
0.354128
0.354124
0.354189
0.354198
0.354122
0.354177
0.354188
0.354222
0.354252
0.354257
0.35425
0.354281
0.354329
0.354342
0.354424
0.354484
0.354468
0.354435
0.354531
0.354622
0.354725
0.354838
0.354756
0.35474
0.354748
0.354728
0.354773
0.354855
0.354864
0.354893
0.354803
0.354821
0.3548
0.35484
0.354817
0.354832
0.354872
0.354877
0.354841
0.354805
0.354696
0.354768
0.354779
0.354814
0.354909
0.354875
0.354813
0.354849
0.35489
0.354849
0.354779
0.354758
0.354801
0.354862
0.354951
0.354905
0.354878
0.354914
0.354978
0.35494
0.354932
0.354961
0.354958
0.355058
0.355122
0.355134
0.355059
0.355071
0.35502
0.355073
0.355062
0.355076
0.355087
0.355068
0.355181
0.355091
0.355048
0.355076
0.355081
0.355123
0.355155
0.35515
0.35523
0.355233
0.355265
0.355262
0.355249
0.355249
0.355267
0.355235
0.355209
0.355225
0.355323
0.355334
0.355405
0.355478
0.355525
0.355527
0.355403
0.355393
0.355405
0.355482
0.355456
0.355582
0.355535
0.355537
0.355647
0.35569
0.355743
0.355834
0.355904
0.355946
0.355961
0.35599
0.35606
0.356059
0.35599
0.356032
0.356088
0.356129
0.356175
0.356183
0.356223
0.356239
0.356252
0.356279
0.356321
0.356338
0.356452
0.356494
0.356488
0.35646
0.356456
0.356488
0.356479
0.356503
0.356605
0.356606
0.356604
0.356576
0.356591
0.356607
0.35661
0.356713
0.356739
0.356744
0.356711
0.356738
0.356757
0.356802
0.35681
0.356877
0.356842
0.35686
0.356855
0.356896
0.356862
0.356875
0.356817
0.356773
0.356768
0.356794
0.356837
0.356941
0.356757
0.356307
0.355833
0.3554
0.354932
0.354722
0.354665
0.35471
0.354663
0.354641
0.35466
0.354667
0.35466
0.354521
0.354485
0.354512
0.35448
0.354495
0.354445
0.354462
0.354515
0.354492
0.354547
0.354555
0.354575
0.35454
0.354515
0.354501
0.354436
0.354414
0.354397
0.35438
0.354364
0.354275
0.35425
0.354362
0.354309
0.354286
0.354205
0.3542
0.354152
0.354134
0.354087
0.354132
0.354128
0.354082
0.354081
0.354091
0.354113
0.354139
0.354146
0.354176
0.354224
0.35412
0.35411
0.354044
0.354
0.35396
0.35386
0.353955
0.353965
0.353998
0.354047
0.354087
0.354104
0.354061
0.353866
0.353422
0.353385
0.353279
0.353264
0.353205
0.353135
0.353143
0.35314
0.353134
0.353104
0.353106
0.353124
0.353113
0.353052
0.353076
0.353089
0.353027
0.353035
0.353051
0.353056
0.353071
0.353071
0.353097
0.353134
0.353114
0.353091
0.353068
0.353078
0.353039
0.353006
0.352985
0.352964
0.352927
0.352903
0.352834
0.352781
0.352821
0.352821
0.352821
0.3528
0.352781
0.352783
0.352795
0.352764
0.352736
0.35272
0.352683
0.352637
0.352642
0.352651
0.352626
0.352619
0.35253
0.352545
0.352516
0.352484
0.352483
0.352426
0.352432
0.352468
0.352459
0.352441
0.352437
0.352405
0.352319
0.352288
0.3523
0.352302
0.352306
0.352268
0.352303
0.352316
0.352306
0.352298
0.352148
0.352124
0.352091
0.352069
0.352096
0.35207
0.35204
0.352024
0.352053
0.352034
0.352006
0.352018
0.351922
0.351872
0.351873
0.351847
0.351849
0.35183
0.351822
0.351789
0.35177
0.351724
0.351691
0.351686
0.351698
0.351731
0.351753
0.351757
0.351768
0.351763
0.351736
0.351694
0.35169
0.351701
0.351692
0.351698
0.351671
0.35168
0.351614
0.351588
0.351553
0.35155
0.351546
0.351522
0.351516
0.351464
0.351472
0.351464
0.351539
0.351502
0.351479
0.351459
0.351464
0.351439
0.351443
0.351473
0.35147
0.351445
0.351446
0.351413
0.351368
0.351358
0.351337
0.351316
0.351274
0.351327
0.351229
0.351191
0.351176
0.351147
0.351167
0.35121
0.351232
0.351234
0.35125
0.35126
0.351105
0.350732
0.350653
0.350617
0.350573
0.350542
0.350517
0.350474
0.35042
0.350363
0.350386
0.350378
0.350374
0.350124
0.35011
0.350154
0.350154
0.350133
0.350105
0.350061
0.350101
0.350026
0.349899
0.349872
0.349873
0.349864
0.34986
0.349879
0.349831
0.349803
0.349784
0.349812
0.349809
0.34975
0.349733
0.349699
0.349661
0.349698
0.349717
0.349695
0.349685
0.349647
0.349659
0.349705
0.349483
0.349515
0.349515
0.349484
0.349476
0.349458
0.349458
