0.821429
0.819182
0.797571
0.803774
0.808408
0.807845
0.814956
0.815334
0.81634
0.816741
0.805223
0.79275
0.784399
0.77618
0.768736
0.763014
0.759256
0.753587
0.74645
0.742124
0.731281
0.724335
0.718933
0.713395
0.70687
0.700449
0.692742
0.686778
0.681225
0.677229
0.670372
0.664514
0.658453
0.652941
0.647816
0.641813
0.637077
0.631629
0.62686
0.622666
0.617165
0.612435
0.607325
0.601993
0.596585
0.591511
0.587298
0.582969
0.578455
0.574955
0.570287
0.565005
0.561712
0.558247
0.55518
0.550863
0.54746
0.544401
0.539955
0.537204
0.533448
0.530322
0.526795
0.524336
0.520926
0.519016
0.5159
0.513583
0.51104
0.508777
0.506369
0.50269
0.500802
0.499188
0.497055
0.496104
0.494342
0.493027
0.491534
0.489316
0.488851
0.487748
0.48703
0.486427
0.485136
0.484075
0.483148
0.48262
0.481814
0.480994
0.481187
0.481092
0.481134
0.481203
0.481322
0.481322
0.481937
0.481768
0.481874
0.481628
0.481858
0.482068
0.481922
0.482013
0.482124
0.482497
0.482681
0.482037
0.480243
0.480282
0.48044
0.480226
0.480244
0.480449
0.48009
0.479977
0.479936
0.480211
0.480544
0.480766
0.480711
0.480858
0.480827
0.480974
0.480472
0.48067
0.480981
0.481155
0.48114
0.480963
0.480817
0.480975
0.480948
0.480805
0.480829
0.480946
0.480422
0.48012
0.480501
0.480509
0.480524
0.480689
0.480789
0.48089
0.481273
0.481343
0.481222
0.480764
0.480644
0.480289
0.480432
0.48069
0.480863
0.480797
0.480995
0.48136
0.481399
0.478932
0.479147
0.479303
0.479285
0.479009
0.478971
0.479169
0.479473
0.479405
0.479719
0.479732
0.479961
0.479807
0.479712
0.479735
0.479121
0.477785
0.47778
0.477671
0.477349
0.477455
0.477561
0.477567
0.477714
0.477717
0.477725
0.47788
0.477774
0.477657
0.477803
0.477938
0.477872
0.477779
0.478062
0.478017
0.478086
0.477948
0.477877
0.478025
0.478054
0.478211
0.47831
0.47822
0.478251
0.478187
0.477844
0.4777
0.47779
0.477912
0.477837
0.477807
0.478213
0.478308
0.478413
0.478404
0.478438
0.478375
0.478553
0.478385
0.478297
0.47806
0.478062
0.478207
0.478412
0.478371
0.478399
0.478636
0.478699
0.478788
0.47853
0.478504
0.478541
0.478639
0.478743
0.47873
0.478426
0.477709
0.477915
0.478018
0.478079
0.478035
0.477932
0.477942
0.478163
0.478135
0.477933
0.478029
0.478016
0.477366
0.477241
0.47717
0.477316
0.477403
0.477452
0.477098
0.477007
0.47713
0.477148
0.477354
0.477467
0.477555
0.477655
0.477583
0.477698
0.477762
0.477591
0.47782
0.477783
0.477875
0.477807
0.477842
0.477794
0.477645
0.477804
0.477805
0.478113
0.478239
0.478359
0.478459
0.478576
0.478534
0.478593
0.478513
0.478739
0.478928
0.478865
0.478841
0.478955
0.479111
0.479273
0.479183
0.479069
0.479145
0.479187
0.47915
0.479469
0.479438
0.479359
0.479473
0.479482
0.479646
0.479772
0.479648
0.479395
0.479547
0.479529
0.479608
0.479456
0.479509
0.479591
0.479559
0.479793
0.4799
0.480043
0.480195
0.480199
0.480354
0.48034
0.480286
0.480209
0.48023
0.480243
0.478787
0.478417
0.478247
0.478151
0.477892
0.477813
0.477491
0.477275
0.477096
0.476832
0.476564
0.476361
0.47624
0.476098
0.475802
0.475496
0.47527
0.475184
0.474934
0.474734
0.474467
0.474155
0.473949
0.473805
0.473595
0.473394
0.473257
0.472969
0.472705
0.472217
0.471657
0.471496
0.47129
0.470659
0.469388
0.469201
0.468889
0.468752
0.468496
0.468303
0.467973
0.467804
0.467496
0.467214
0.467189
0.467084
0.46684
0.466625
0.466376
0.466337
0.465982
0.465657
0.465419
0.465166
0.464907
0.464751
0.464489
0.464161
0.464084
0.463931
0.463702
0.463543
0.463326
0.463169
0.462934
0.462578
0.46245
0.462211
0.462041
0.461799
0.461524
0.461226
0.461059
0.46089
0.460635
0.460513
0.46022
0.459962
0.459761
0.459538
0.459272
0.458929
0.458886
0.45862
0.458264
0.45809
0.45778
0.457527
0.457313
0.457045
0.456802
0.456642
0.456484
0.45634
0.45623
0.456088
0.455836
0.455714
0.455472
0.45535
0.455244
0.455326
0.455326
0.455342
0.455371
0.45538
0.455405
0.455348
0.455288
0.455356
0.455368
0.455486
0.455582
0.455654
0.455742
0.455686
0.455671
0.455653
0.45562
0.455614
0.455653
0.455634
0.455512
0.455515
0.455472
0.455539
0.455476
0.455415
0.455485
0.455495
0.455583
0.455617
0.45565
0.455739
0.45576
0.455873
0.455979
0.455984
0.456207
0.456297
0.456339
0.456431
0.456471
0.456515
0.456509
0.456584
0.456538
0.456602
0.456706
0.456755
0.456791
0.456907
0.457051
0.457133
0.457131
0.457147
0.457251
0.457276
0.457042
0.457162
0.457144
0.457157
0.457245
0.456343
0.455629
0.455656
0.455773
0.455865
0.45595
0.45604
0.456203
0.45629
0.456332
0.456364
0.456468
0.456593
0.456606
0.45672
0.456889
0.456763
0.456861
0.45691
0.45689
0.456989
0.457056
0.456868
0.457002
0.457137
0.457246
0.457308
0.457404
0.457464
0.457499
0.457642
0.457621
0.457723
0.457746
0.457706
0.457765
0.457727
0.457721
0.457609
0.457705
0.457653
0.4577
0.457701
0.457732
0.45769
0.457742
0.457746
0.457809
0.457882
0.458017
0.458036
0.458027
0.458129
0.458263
0.45812
0.458227
0.458324
0.458394
0.458371
0.458356
0.458432
0.458577
0.458596
0.45867
0.458693
0.458685
0.458769
0.458764
0.45878
0.458836
0.458881
0.458907
0.458896
0.458909
0.459025
0.459011
0.459039
0.459057
0.459109
0.459229
0.459258
0.459413
0.459537
0.4596
0.459648
0.459627
0.459596
0.459671
0.459759
0.459802
0.459845
0.459885
0.459937
0.46008
0.4601
0.460188
0.460237
0.460327
0.460282
0.460326
0.460349
0.460421
0.46038
0.46045
0.46049
0.460541
0.460447
0.460436
0.460457
0.460513
0.460555
0.460489
0.460505
0.460569
0.460595
0.46063
0.460603
0.46077
0.46084
0.460833
0.460889
0.460901
0.460863
0.460889
0.460996
0.461136
0.461079
0.461152
0.46117
0.461273
0.461279
0.461387
0.46153
0.461492
0.461518
0.461596
0.461648
0.46169
0.461706
0.461767
0.46182
0.461862
0.461966
0.462129
0.462254
0.462323
0.462342
0.462383
0.462481
0.462598
0.462638
0.462592
0.462501
0.462572
0.462563
0.462703
0.462776
0.462934
0.463021
0.463112
0.463226
0.463192
0.463271
0.463284
0.463255
0.463395
0.46349
0.463632
0.463773
0.463745
0.463775
0.463947
0.464012
0.464125
0.464041
0.464096
0.464181
0.464266
0.464361
0.464459
0.46452
0.464575
0.464692
0.464701
0.464786
0.464826
0.464808
0.464901
0.464889
0.464946
0.464909
0.464951
0.464948
0.465046
0.465078
0.465154
0.465279
0.465377
0.465512
0.465558
0.46566
0.465736
0.465778
0.465834
0.465922
0.465942
0.466104
0.466146
0.466264
0.466313
0.466416
0.466396
0.466411
0.466462
0.466551
0.466544
0.466633
0.466613
0.466654
0.466649
0.466736
0.466745
0.466773
0.466796
0.466801
0.466837
0.466868
0.466921
0.466893
0.467024
0.467025
0.467087
0.467194
0.467298
0.467209
0.467218
0.467296
0.467341
0.467328
0.467382
0.467158
0.466475
0.465898
0.465278
0.464727
0.464485
0.464532
0.464592
0.464708
0.464777
0.464795
0.464802
0.464871
0.464858
0.464884
0.46496
0.464964
0.465034
0.465075
0.465065
0.465118
0.465151
0.46519
0.465241
0.465259
0.465372
0.465418
0.465467
0.465535
0.465519
0.465595
0.465641
0.465693
0.465716
0.465729
0.465784
0.465799
0.465874
0.465929
0.46595
0.465997
0.465992
0.466033
0.466074
0.4661
0.466156
0.466249
0.466305
0.466317
0.466307
0.466381
0.466435
0.466449
0.466315
0.466325
0.466388
0.46636
0.46635
0.46618
0.466275
0.466268
0.466286
0.466334
0.466419
0.466495
0.466566
0.466351
0.465775
0.465719
0.465616
0.465507
0.465441
0.465311
0.46528
0.465261
0.465187
0.465165
0.46511
0.465063
0.464989
0.464989
0.464976
0.464951
0.464922
0.464902
0.464798
0.464735
0.464663
0.464614
0.464533
0.46448
0.464423
0.464372
0.464327
0.464368
0.464348
0.464289
0.464292
0.46426
0.464165
0.464085
0.463957
0.463848
0.463809
0.463746
0.463668
0.463609
0.463558
0.463485
0.463455
0.463348
0.463187
0.463115
0.463038
0.462887
0.462823
0.462822
0.462777
0.462711
0.4626
0.46252
0.462445
0.462308
0.462266
0.462192
0.462225
0.462216
0.46211
0.462111
0.46206
0.461938
0.461871
0.461785
0.461786
0.46169
0.461616
0.461562
0.461504
0.461488
0.461442
0.461419
0.46125
0.461261
0.461143
0.461047
0.460985
0.460926
0.46083
0.460777
0.460734
0.460642
0.46058
0.46053
0.460393
0.460315
0.460272
0.460253
0.460187
0.460148
0.460106
0.459988
0.459921
0.459865
0.45982
0.459798
0.459699
0.459635
0.459612
0.45964
0.459679
0.459704
0.459738
0.459758
0.45985
0.45992
0.459937
0.459977
0.459954
0.459984
0.459961
0.459988
0.46005
0.460109
0.460131
0.460192
0.460316
0.460346
0.460419
0.460419
0.460409
0.460423
0.460472
0.460517
0.460532
0.460522
0.460539
0.460558
0.460576
0.460543
0.460593
0.460605
0.460551
0.460608
0.460616
0.460665
0.460698
0.460737
0.460582
0.460566
0.460575
0.460566
0.460585
0.460578
0.460588
0.460606
0.46063
0.460566
0.46037
0.459879
0.459784
0.459813
0.45975
0.45979
0.459823
0.459834
0.459802
0.459787
0.459702
0.459626
0.459624
0.459266
0.459224
0.459195
0.459182
0.459129
0.459077
0.459093
0.459042
0.458941
0.458839
0.458757
0.458765
0.458733
0.458743
0.458653
0.458573
0.458556
0.458533
0.458514
0.458504
0.458457
0.458449
0.458409
0.458451
0.458394
0.458391
0.458353
0.458296
0.458226
0.458179
0.458137
0.457885
0.457882
0.45782
0.457784
0.457739
0.457685
0.457661
