-6.7589465622887221485371	-5.5164473509382370153276	-8.4463949598001200058661	-7.8364977108275883921351	3.5637887727731309972512	-6.2480476652144503191266	84117.279375	84125.844775	0.000000	1.000000
-6.7437011771211947674942	-5.5593851486707102083074	-8.4610839218304150222139	-7.8402622709639091524991	3.5493743319755539644689	-6.2641364544427036165075	84218.246848	84226.812248	0.678000	1.000000
-6.7340411444622017000938	-5.7160471059319055697756	-8.4755103603137360579467	-7.7407822321776951213224	3.5458492591375971869638	-6.2970308591471111370197	84366.145224	84374.710624	0.678000	1.000000
-6.7447183341802707801094	-5.6920042398864501009825	-8.4862686831665428144333	-7.6875811196841565831051	3.5692139819528878597055	-6.3259000363119159970893	84433.573350	84442.138749	0.678000	1.000000
-6.7365813001381082969488	-5.6961239371954013321897	-8.4937338122959769037834	-7.6672399488907876374810	3.5742104347882910353462	-6.3414108677069194186515	84481.489878	84490.055278	0.678000	1.000000
-6.7284666572107711957074	-5.7362838132850679784269	-8.4800169650267012144695	-7.6771879942833196608376	3.5608228713945071497449	-6.3475114856367467197629	84529.745173	84538.310573	0.678000	1.000000
-6.6762080673652102191795	-5.7411413629544050252207	-8.4736152494595078366046	-7.7305414789559518951023	3.5790470883045397698652	-6.3662327807240233212838	84560.080304	84568.645704	0.678000	1.000000
-6.6778347236005783926771	-5.7326168182809258411226	-8.4729962709653108277053	-7.7101602734018159779339	3.5342483429451618803796	-6.3689778929970657372905	84655.885374	84664.450773	0.678000	1.000000
-6.7018284238937093633126	-5.7399929659927249048224	-8.4933250418889532085132	-7.7110885825429100748352	3.5382172543716765567012	-6.3937530451381663354482	84729.362125	84737.927524	0.678000	1.000000
-6.7018284238937093633126	-5.7147296538957519373980	-8.4605253581857926548082	-7.7110885825429100748352	3.5243543500772820387112	-6.3937530451381663354482	84756.026618	84764.592018	0.678000	1.000000
-6.6976826319094815431754	-5.7006858558240294243546	-8.4447956808976343268114	-7.7456534756641488570494	3.4698612885053163878979	-6.3979368508285547889614	84875.477511	84884.042910	0.678000	1.000000
-6.7424348680752181905973	-5.7014588065399918193066	-8.4440820311543287601808	-7.7487172171329463665757	3.4666825123835778299508	-6.4028822431168421758230	84897.069683	84905.635083	0.678000	1.000000
-6.7456399022669311094091	-5.7065427811246598466255	-8.4761464105547492664527	-7.7672289758880612708936	3.4110469363331392678163	-6.4125007898071793022154	85036.250680	85044.816080	0.678000	1.000000
-6.7380339225289382909523	-5.7102128984385682741731	-8.4950648431534556692668	-7.7579301776611702123887	3.3926403470940318385374	-6.4233437225504728118608	85104.829011	85113.394410	0.678000	1.000000
-6.7380339225289382909523	-5.7224817457321695002292	-8.4950648431534556692668	-7.7626147418018991430699	3.3926403470940318385374	-6.4233437225504728118608	85104.915752	85113.481151	0.678000	1.000000
-6.7169900658163701478998	-5.7268201596396126618060	-8.4728485983999171082814	-7.7626147418018991430699	3.3836216281291671137410	-6.4334210821063519958329	85151.707098	85160.272498	0.678000	1.000000
-6.7169900658163701478998	-5.7415104767225022541766	-8.4633091705089835699027	-7.7691495378262702686811	3.3757330342224274311036	-6.4334210821063519958329	85167.554484	85176.119883	0.678000	1.000000
-6.7094594131840841200187	-5.7302636173825645116153	-8.4690748760341332257440	-7.7854476924262900894291	3.3320919764788192729554	-6.4458780875675785182466	85289.503005	85298.068405	0.678000	1.000000
-6.7100390922862773734892	-5.7205380957360061344730	-8.4722559271025446037129	-7.7647677100765220004064	3.3116747649169293588045	-6.4557854332261239704849	85357.131982	85365.697382	0.678000	1.000000
-6.7128918160970538764332	-5.7363434575046268193432	-8.4597448122415350724168	-7.7649606847206271709183	3.2581161345310674093412	-6.4684826235592325360813	85498.884989	85507.450388	0.678000	1.000000
-6.6879768893088193948415	-5.7368104730581856998128	-8.4235208971993369431175	-7.7707079006506898366524	3.2437977682965501990964	-6.4838204413645650348030	85566.007960	85574.573360	0.678000	1.000000
-6.6930823629930999985049	-5.7482641410702077777728	-8.4106932047218503356589	-7.7610709490000706622936	3.2152162381475553054599	-6.4787198960837972805393	85612.443301	85621.008701	0.678000	1.000000
-6.6897017098923257094611	-5.7443627900253764195782	-8.4142586648175612396017	-7.7671644432155373394266	3.1762376383914503463757	-6.4740341235734391034384	85681.736612	85690.302011	0.678000	1.000000
-6.6840699498729998495605	-5.7182406917940253876509	-8.4163010250048184701654	-7.7907107595006346301147	3.1676288455834780144471	-6.5137106217983653522197	85791.821100	85800.386500	0.678000	1.000000
-6.6726329954075795924950	-5.7037936566904487989405	-8.4138474821964521765949	-7.8630927161172987638338	3.1606208929064614210347	-6.5169202657414260215774	85813.365613	85821.931013	0.678000	1.000000
-6.6896919820080045226973	-5.7037936566904487989405	-8.4195860004010842914113	-7.8651686863012537642703	3.1509521363915680147727	-6.5495386655392975328027	85900.651904	85909.217304	0.678000	1.000000
-6.6682796685595606689390	-5.7145341849240445242231	-8.4343274209403134022978	-7.8401440410323095520084	3.1528785138630817108663	-6.5582157513951022664855	85913.371341	85921.936741	0.678000	1.000000
-6.6922618043640191842769	-5.7211281930966864095467	-8.4179393720650708132780	-7.8467831735072897103578	3.1370177465351525292192	-6.5533612325152921229687	85937.063129	85945.628528	0.678000	1.000000
-6.7171300003867839834015	-5.7003865733837448814825	-8.4454454011228925480737	-7.8510138857162239389709	3.1231927292255337036408	-6.5661398519024718467563	85990.089497	85998.654897	0.678000	1.000000
-6.7119960194323766700109	-5.6709065377502696492229	-8.4285348438142495552938	-7.8393768056667116894687	3.0923652533845760181919	-6.5773023011386912983767	86074.990724	86083.556123	0.678000	1.000000
-6.6987343414819155995588	-5.6710365780719298456347	-8.4160307899824537969380	-7.8492205490594164629670	3.0463456904610408670919	-6.6012002128664288846949	86212.900631	86221.466031	0.678000	1.000000
-6.7027809154462838492350	-5.6952843373319357311857	-8.4141229358797016146809	-7.8427826579349995128609	3.0472312984795202339683	-6.6428415789473476138483	86274.573299	86283.138699	0.678000	1.000000
-6.7135659621218675141563	-5.6762460319982697143359	-8.4141939253006050591921	-7.8422170610747672370167	3.0461825392279715529753	-6.6712733014440583900750	86315.544333	86324.109732	0.678000	1.000000
-6.7049287981005045722327	-5.6316777916186957497757	-8.4284078362099066339397	-7.8406194049239488208514	3.0389747350384035406989	-6.7158296498929388462784	86384.470726	86393.036126	0.678000	1.000000
-6.7103064395192921764988	-5.5991353267737267174198	-8.4056855246904280676290	-7.8413394827796718544732	3.0293508406633762319871	-6.7248616740640096978154	86414.848678	86423.414078	0.678000	1.000000
-6.7089985020773719170961	-5.5602313202760527133250	-8.4415239355129809695200	-7.8671548071753205633172	2.9749291062897604831505	-6.7679280524262042106898	86572.970867	86581.536267	0.678000	1.000000
-6.7059951772869483832551	-5.5343805962535936870950	-8.4335171351923570171039	-7.8724868284523763506400	2.9609124275932918735066	-6.7896581823927384391482	86622.043420	86630.608819	0.678000	1.000000
-6.7142786296477128260562	-5.5380405637067307011989	-8.4565422689837497216558	-7.8694406673662236073596	2.9398312484396957877664	-6.7855794604485986099007	86663.581657	86672.147057	0.678000	1.000000
-6.7436050209149165368672	-5.5392610579778791546346	-8.4619579362088455098956	-7.8410002663396278776986	2.9180998207407187194917	-6.7790745061563590923015	86704.611186	86713.176585	0.678000	1.000000
-6.7261255124685250805783	-5.5320346629634338242454	-8.4749988440145003210091	-7.8376965193595387049186	2.9077918504782189756952	-6.7899020197267860865509	86736.069719	86744.635119	0.678000	1.000000
-6.6840944579810157577526	-5.5408857471949293227453	-8.4680483831609780764893	-7.8444594100094144906166	2.8968958754996365634327	-6.8083430394741979441164	86774.248747	86782.814146	0.678000	1.000000
-6.6737407451115879908343	-5.5225003414733988549301	-8.4809239431027592104329	-7.8391000353352549012698	2.8648868717573492403972	-6.8087424096924182848056	86844.040790	86852.606190	0.678000	1.000000
-6.6822459377781990852441	-5.5189295926277734949394	-8.4809239431027592104329	-7.8426301282436128303743	2.8648868717573492403972	-6.8528526501503677081928	86875.345134	86883.910534	0.678000	1.000000
-6.7061053197764683986293	-5.5046945168357774846868	-8.4604823971626110790112	-7.8341461538912069428875	2.8353378760865317609330	-6.8537415567780008984755	86940.307441	86948.872841	0.678000	1.000000
-6.7104495049390866512340	-5.4930996634204705131310	-8.4629107818707502985944	-7.7879905512288996050074	2.7929119491724980761660	-6.8496671898072865047880	87030.693453	87039.258852	0.678000	1.000000
-6.7033362151575879295251	-5.5208554417440369732617	-8.4932970924778494747898	-7.7805210491374108272566	2.7779147274442017589990	-6.8726392393379214240667	87077.466988	87086.032387	0.678000	1.000000
-6.7264674323586772786143	-5.5037310929636555911770	-8.4862254896663245062882	-7.7858459146451828303270	2.7560985022840225333596	-6.8791091268407269510021	87129.689297	87138.254696	0.678000	1.000000
-6.7153921321764906693375	-5.5053256989845129609762	-8.4842112689043229778463	-7.7899297552818378420625	2.7498444176978988906512	-6.8968517572691654393680	87153.330099	87161.895499	0.678000	1.000000
-6.7172398317294357283913	-5.5111797440549681326161	-8.4898553235339981881680	-7.7954992460360470474257	2.7132209993230627098626	-6.9011879712184143187415	87236.716838	87245.282237	0.678000	1.000000
-6.6970878655431391734965	-5.5007544588589594170003	-8.4887443184464306256132	-7.8214758628303986398578	2.6900648956004342693404	-6.8911670200582193501759	87283.303710	87291.869109	0.678000	1.000000
-6.6792665667289004005625	-5.5187201629557751658695	-8.4960179367241810410860	-7.8149584349881306977181	2.6682424148882986081333	-6.9292037694447090601102	87350.689661	87359.255061	0.678000	1.000000
-6.6761513204372207042070	-5.5210631093201492092248	-8.4935924664307069775759	-7.8142365269830769136661	2.6435918889097544948186	-6.9767685418452378698362	87425.759669	87434.325068	0.678000	1.000000
-6.6904609440395219621678	-5.5231552654526376855415	-8.4857385705325523161946	-7.8170924963550021402625	2.6413334141191855408692	-7.0021275366532487183235	87439.823833	87448.389232	0.678000	1.000000
-6.6784238879107133968205	-5.5365628794282804037152	-8.4728227063715042532976	-7.8111576219387535147121	2.6316830585492496652478	-7.0119620072329977844561	87464.259142	87472.824541	0.678000	1.000000
-6.6911992836804357054348	-5.5541422238822937273994	-8.4466186974658015174100	-7.8079896682402925023325	2.5825197608739478560835	-7.0034512679589671080294	87571.573891	87580.139291	0.678000	1.000000
-6.7015679072966252149968	-5.5486232021448032014632	-8.4710469698409376348991	-7.8024469363197530569209	2.5629635610045493621101	-7.0090562497461021962408	87617.968244	87626.533643	0.678000	1.000000
-6.7182260365496579979094	-5.5231148066580733058117	-8.4947885842565717950947	-7.8322410052626416643307	2.5554935939048593063205	-7.0018605716541904016026	87633.691047	87642.256447	0.678000	1.000000
-6.7104363714669998941531	-5.4906969020235010248143	-8.4757309477131066444144	-7.8177957334142362810780	2.5416501542769309729408	-7.0032475675844914064783	87667.007133	87675.572532	0.678000	1.000000
-6.7279554569364972138601	-5.4885828995573318067613	-8.4539733620431078975344	-7.8124910707630270678692	2.5252207047405184070499	-7.0085102875918643405839	87706.361622	87714.927021	0.678000	1.000000
-6.7692273585605855501512	-5.4955582191892577981207	-8.4183609105946271000676	-7.8019935539246656475143	2.4988511332360596739477	-7.0115256461288417710875	87767.510841	87776.076241	0.678000	1.000000
-6.7710104511520992076612	-5.4779735441974013454569	-8.4042080752712085001122	-7.7838696659430519630973	2.4932081127440519630056	-7.0113577720420119376854	87781.171184	87789.736583	0.678000	1.000000
-6.7908647766494949493676	-5.4545238408399709939545	-8.3975489950254438298316	-7.7757676283180678922236	2.4748473840791760380853	-7.0449457507629933417093	87834.202256	87842.767655	0.678000	1.000000
-6.8005275939649330041448	-5.4346725449202013535910	-8.3884011625940146927860	-7.7721890273841243157449	2.4666817250918473547472	-7.0327805865160426534999	87850.419563	87858.984963	0.678000	1.000000
-6.7895092071361444752142	-5.4527961951061856282763	-8.3876945946188481428862	-7.7715989157179361512817	2.4409926795542271626971	-7.0340808974243484996691	87909.604250	87918.169649	0.678000	1.000000
-6.7966718605875193759402	-5.4470589425350901535694	-8.4295856663254955520870	-7.7990634864205743426169	2.4108969024894326693698	-7.0405485062326738088245	87981.584812	87990.150211	0.678000	1.000000
-6.7908135139144993885907	-5.4333752223355027410889	-8.4616283164743073541558	-7.7992071209370159579066	2.3849791861476226095817	-7.0372269241347904511485	88041.790258	88050.355658	0.678000	1.000000
-6.8036517815164359035407	-5.4321784759145854692974	-8.4583881372718163760283	-7.7776562537221796134190	2.3800665462664709615126	-7.0300054160543448134035	88051.354340	88059.919740	0.678000	1.000000
-6.8176690189399247188362	-5.4383248681387259537701	-8.4552987698379880043831	-7.8041657293514301585446	2.3516157429441588710972	-7.0564969066158926835897	88124.723521	88133.288920	0.678000	1.000000
-6.8266457745672992629693	-5.4391285097954202853998	-8.4655487772246420519195	-7.8003970468409322691627	2.3336754494183451491551	-7.0564207481862215587398	88166.815373	88175.380773	0.678000	1.000000
-6.8194705560693646972936	-5.4576889269347512723130	-8.4521435558026478673810	-7.8053242806820790633537	2.3068409726239096357858	-7.0897459758485261716032	88236.472326	88245.037725	0.678000	1.000000
-6.7999431075284268999326	-5.4405148036486448148707	-8.4385618170469403054312	-7.7790372372563529879130	2.2821466354810362453520	-7.1042001231641620506707	88298.598384	88307.163783	0.678000	1.000000
-6.7953586684201363610214	-5.4178143466102488545744	-8.4457213223191054396466	-7.7977251988398181836715	2.2401199472023427539114	-7.1041031851611560199444	88399.343101	88407.908501	0.678000	1.000000
-6.7772914766900544947248	-5.3872551236371064575792	-8.4530886898482240354724	-7.7885060471264511150480	2.2380769476533446393773	-7.1117552447185534703067	88407.325214	88415.890613	0.678000	1.000000
-6.7783391698735471209147	-5.3787469380616546033025	-8.4734225163927270330078	-7.7871138147087552994208	2.2238710144545095204194	-7.1103343815647042092110	88441.275766	88449.841165	0.678000	1.000000
-6.7060334619909447440023	-5.3777909856703454138938	-8.4089421847581480307099	-7.7514945829749279937460	2.1599037993980143568251	-7.0203404747791466888884	88574.280723	88582.846123	0.678000	1.000000
-6.6890068565046041371147	-5.4053929076532334363492	-8.4156528194672510778673	-7.7457910290696059263382	2.1460829716931755228870	-7.0079087172487355417161	88602.472268	88611.037668	0.678000	1.000000
-6.6723198759594009032980	-5.4081855736367119291685	-8.4249414499907597786432	-7.7316509037596956588345	2.1380860719648739909360	-7.0175622637637884437822	88624.114972	88632.680371	0.678000	1.000000
-6.6771244350415157597922	-5.4073548311571757452043	-8.3831278548160401697942	-7.7428835665127788701056	2.1284492882976544514406	-7.0273601952435722495238	88649.807234	88658.372634	0.678000	1.000000
-6.6850252386966113604672	-5.4271235825090586857300	-8.3970085960293943116994	-7.7261792538100424465597	2.1056123966098549971093	-7.0290871956001721443386	88703.601322	88712.166722	0.678000	1.000000
-6.6857290411145147146499	-5.4156530902518618120212	-8.4086162891446161182785	-7.7353396281009709767318	2.0683168201748864944989	-7.0325906071454262757925	88794.803814	88803.369213	0.678000	1.000000
-6.6981883049227546322868	-5.4263345860657103969515	-8.4162152898310065296528	-7.7390298274286637436603	2.0583374670762117908396	-7.0455664696058386553545	88820.799603	88829.365003	0.678000	1.000000
-6.6981883049227546322868	-5.4263345860657103969515	-8.3812182211549792754113	-7.7649194482159602515026	2.0583374670762117908396	-7.0456358608774953822262	88820.801679	88829.367078	0.678000	1.000000
-6.6888608310698360881474	-5.4033980793846447809869	-8.3755886828376855390843	-7.7826841845915728512750	2.0437640565640586842733	-7.0530920680937523314924	88859.235038	88867.800437	0.678000	1.000000
-6.6782394470785613194153	-5.4129019444026491569844	-8.3857655491453044760419	-7.7751337276331691228393	2.0372166392305430804299	-7.0559405076174250837084	88874.758949	88883.324348	0.678000	1.000000
-6.6795147945984796322705	-5.4214714321602190949534	-8.4056733114401769313417	-7.7843030120370970692534	2.0026469750411961534553	-7.0684478181335528290674	88959.182482	88967.747881	0.678000	1.000000
-6.6566098240347084669111	-5.4366860546471666992829	-8.4027447046804280006427	-7.7934354146817650388357	2.0000144289769963279468	-7.0755469448798420373237	88965.378284	88973.943683	0.678000	1.000000
-6.6749190361908974367111	-5.4268943089247994038260	-8.4080970196256146209635	-7.7927664689538911346744	1.9988128886848619547578	-7.0589349083344545832119	88965.989731	88974.555131	0.678000	1.000000
-6.6944641111688580892292	-5.4355915975123334504815	-8.3938860930790433201309	-7.7817063952399196935517	1.9669088324024244229804	-7.0672375428376001949005	89042.771945	89051.337344	0.678000	1.000000
-6.7281304746216017420579	-5.4126662758565737831873	-8.3866139137924342605857	-7.7894033017546879804627	1.9507119633862313179407	-7.0972317834728579910575	89088.723346	89097.288746	0.678000	1.000000
-6.7334625172139732640630	-5.3914472688561785318484	-8.3709734314060533222346	-7.8126327282565668497227	1.9348779574402161784974	-7.1125372163360269794907	89130.772035	89139.337435	0.678000	1.000000
-6.6939856697714903432939	-5.3833186612530923298436	-8.3688254386863345501979	-7.8054646880989713153554	1.9265067181800201723263	-7.1385548125931794771759	89155.093678	89163.659077	0.678000	1.000000
-6.6941179410463451660007	-5.2499676691898189417884	-8.3464842934269203311715	-7.7939078633425005193658	1.8711084612571819985050	-7.1632274116365088900693	89300.761540	89309.326940	0.678000	1.000000
-6.7238396857646680615517	-5.2246031349769479490419	-8.3632744015855404740023	-7.7734244775888434730859	1.8469526746394322458400	-7.1650567012988677362273	89359.800168	89368.365567	0.678000	1.000000
-6.7137580819385833663659	-5.2343256983268782178698	-8.3383668261459682469194	-7.7754981521133217370334	1.8109044894746837428556	-7.1629235712596228680127	89443.599332	89452.164732	0.678000	1.000000
-6.7376133384241523316405	-5.2377594120093631246959	-8.3343235077064630189625	-7.8004942055191648364598	1.8040635925181867094125	-7.1625330019171480344653	89459.199944	89467.765343	0.678000	1.000000
-6.7284998987685318283525	-5.2232420209161896096361	-8.3563179284227349086223	-7.7701882096147549816578	1.7947165689073178995727	-7.1542758997854933866734	89481.296766	89489.862165	0.678000	1.000000
-6.7440915157474714547448	-5.2000292670227725722043	-8.3450682250934242745188	-7.7835756578959953699837	1.7797294169845649935979	-7.1469495362449650954773	89517.068413	89525.633812	0.678000	1.000000
-6.7454070028953116988646	-5.1885917676262263142917	-8.3683992060444740701541	-7.7963642616586010802848	1.7597952863387087418801	-7.1699717334346297903380	89566.372811	89574.938210	0.678000	1.000000
-6.7937359126449230473099	-5.3302732439514111106860	-8.3256108120204004308107	-7.7760881707408238128210	1.6671505262117538581634	-7.1774039852613782386470	89759.406130	89767.971529	0.678000	1.000000
-6.7739085575491859714248	-5.3210374580274040212657	-8.3624078871691445158376	-7.7784423090590895100149	1.6289210094912622839303	-7.1786392009088650922877	89842.661843	89851.227242	0.678000	1.000000
-6.7865722345570560491979	-5.2856870934970778819206	-8.3691957351230836792411	-7.7663788668747661958491	1.6063011904781281380394	-7.1749619117699605652660	89895.040068	89903.605467	0.678000	1.000000
