0
0.553073
0.30888
0.21811
0.167916
0.135254
0.112812
0.0975959
0.0858865
0.0768714
0.0700263
0.0664629
0.0631164
0.0601491
0.0573626
0.0550725
0.0523948
0.0501454
0.048105
0.0462963
0.0446961
0.0432698
0.042065
0.0409978
0.0397233
0.0387385
0.0375807
0.0366085
0.0357373
0.035094
0.0341969
0.0336106
0.0332788
0.0329303
0.0323232
0.0316763
0.0311531
0.0304953
0.0301815
0.029825
0.0300909
0.0297363
0.0295127
0.0291841
0.0287435
0.0285506
0.0281489
0.0280166
0.0279564
0.0277026
0.0274655
0.0270858
0.0268005
0.0264994
0.0264258
0.0261332
0.0260562
0.0259619
0.0257301
0.0256995
0.0255631
0.0255029
0.0254537
0.0252796
0.0251708
0.0251001
0.0249796
0.0248933
0.0248874
0.0246629
0.0245952
0.0244976
0.0242178
0.0242313
0.0242399
0.0242678
0.0242017
0.0241723
0.0241043
0.0240327
0.0239577
0.0239231
0.0238453
0.0237668
0.023799
0.0235918
0.0235506
0.023489
0.0235068
0.023438
0.0233812
0.0233189
0.0234031
0.0232845
0.0232288
0.0232044
0.023163
0.0232226
0.0231558
0.0234092
0.0232975
0.0233597
0.0233679
0.0233806
0.0232733
0.0232263
0.0232603
0.0232231
0.0232321
0.0232873
0.023292
0.0233718
0.0232438
0.0232832
0.0233132
0.0233414
0.0234506
0.0233198
0.0232672
0.0233895
0.0233446
0.0234487
0.0235009
0.0234952
0.0235429
0.0234969
0.0234806
0.0234602
0.0234877
0.0234283
0.0233953
0.0233623
0.0233867
0.0233011
0.0231724
0.023174
0.0231053
0.0230776
0.0230764
0.0231333
0.0232868
0.0233867
0.0233816
0.0234198
0.0234635
0.0234499
0.0234142
0.0234447
0.0234673
0.0235766
0.023593
0.0235865
0.0236013
0.0235875
0.02355
0.0236231
0.0236619
0.0236645
0.0238126
0.0239219
0.0239811
0.0240364
0.0240641
0.024014
0.0240272
0.0239822
0.0239143
0.0239584
0.0240814
0.0242721
0.0242951
0.0244095
0.0243611
0.0244395
0.024459
0.0245798
0.0245625
0.0246567
0.0246867
0.0247315
0.0247456
0.0247112
0.0247937
0.0248542
0.0248046
0.0248172
0.024796
0.0248057
0.0248365
0.0248482
0.0249229
0.0249946
0.0249395
0.0250576
0.0251145
0.0251913
0.0252257
0.025268
0.0252993
0.0253271
0.0253163
0.0253795
0.0253916
0.0254091
0.0253913
0.0254282
0.0254366
0.0254934
0.0255821
0.0255849
0.0256007
0.025641
0.0256553
0.0257096
0.025804
0.0258057
0.0258544
0.0258691
0.0258434
0.0259292
0.0259141
0.0259709
0.0260281
0.0260583
0.0260873
0.026157
0.0261818
0.0262525
0.0262756
0.0263901
0.0264839
0.0265155
0.0265776
0.0266538
0.0268085
0.026771
0.0268293
0.0268829
0.0269489
0.0269716
0.0269203
0.0269121
0.0269835
0.0270592
0.027115
0.0271186
0.0270695
0.0271052
0.0270966
0.0271559
0.0271682
0.0271483
0.027125
0.0271401
0.0271362
0.027216
0.0272612
0.0272824
0.0272833
0.0272683
0.0272587
0.0272814
0.0273079
0.0273799
0.0275104
0.0276038
0.0276471
0.0277251
0.0277983
0.0278976
0.0279507
0.0280001
0.0281272
0.0281632
0.0282461
0.0282939
0.0283105
0.0284286
0.0284586
0.0284514
0.0284216
0.028421
0.028513
0.0285669
0.0286295
0.028655
0.0286427
0.0287953
0.0288628
0.0289098
0.0289868
0.0290439
0.0291465
0.0292953
0.0293179
0.0293648
0.0294571
0.029542
0.0295746
0.0295956
0.0296937
0.0297075
0.0297625
0.0297686
0.0298894
0.0299376
0.0300279
0.0300861
0.0301264
0.0302371
0.0303146
0.0303183
0.0303094
0.0303065
0.0304495
0.0304516
0.0304887
0.0305009
0.0305189
0.0305346
0.0305889
0.0306143
0.0306543
0.0306708
0.0306777
0.0306856
0.0307729
0.0308353
0.0308946
0.0309072
0.0309339
0.0309678
0.0310328
0.0310624
0.0311239
0.0312033
0.0312376
0.0313708
0.0314529
0.0314875
0.0315293
0.0315366
0.0315593
0.031714
0.0317647
0.0317605
0.0317785
0.0318137
0.0318871
0.0318983
0.0320051
0.0320824
0.0320389
0.0321302
0.0321753
0.0322333
0.0323822
0.0324476
0.0324746
0.0324937
0.0325123
0.0326499
0.0326712
0.0326812
0.03269
0.0327599
0.0327694
0.0327796
0.0328579
0.0328462
0.0329287
0.0329431
0.0329754
0.0330539
0.0330754
0.0331316
0.0332208
0.0332737
0.0332436
0.0332656
0.0332959
0.0333359
0.0334145
0.0334225
0.033458
0.0335182
0.0335746
0.033616
0.0336066
0.033715
0.0337486
0.0338393
0.0338758
0.0339272
0.0339361
0.0340078
0.0340371
0.034102
0.0341387
0.0341419
0.0341555
0.0341757
0.0341947
0.0341934
0.0343013
0.0342792
0.0342785
0.0343319
0.0343461
0.0343517
0.0344329
0.0344306
0.034449
0.0344771
0.0345435
0.0346115
0.0346608
0.0347022
0.0347797
0.0348427
0.0349333
0.0349601
0.035025
0.0350853
0.0351686
0.0351717
0.0351697
0.0352131
0.0352214
0.0352699
0.0353206
0.0353379
0.0354413
0.0354062
0.035421
0.0354538
0.035491
0.0355671
0.0355906
0.0356945
0.0357795
0.0357966
0.035833
0.035928
0.0359907
0.0360568
0.0361196
0.036157
0.0362094
0.0362322
0.0362771
0.0363134
0.0363585
0.0363768
0.0364334
0.0364983
0.0365767
0.0365878
0.0366202
0.0367172
0.0367615
0.036794
0.0368261
0.0369247
0.0369327
0.0370491
0.0370759
0.0370961
0.037205
0.0372658
0.0373317
0.0374168
0.0374195
0.0374423
0.0374529
0.0375163
0.0375723
0.0375958
0.0376151
0.0376271
0.0377121
0.0377013
0.0377093
0.0377434
0.0378134
0.0378671
0.0378977
0.037953
0.0379792
0.0379833
0.0379775
0.0380666
0.0381139
0.0381601
0.0381703
0.0382879
0.0383468
0.0383925
0.0384267
0.038419
0.0384572
0.038485
0.0385313
0.0386114
0.0386765
0.0387306
0.0387681
0.0387817
0.0388609
0.0388773
0.0389579
0.039017
0.0390414
0.039029
0.0390726
0.0390738
0.0391034
0.0391668
0.0392207
0.0392152
0.039277
0.039307
0.0393738
0.03939
0.03939
0.0394573
0.0394971
0.0395588
0.0396123
0.0396336
0.0396769
0.039726
0.0397347
0.0398272
0.0398659
0.0399064
0.0399254
0.040019
0.0400459
0.0400597
0.0400974
0.0401021
0.0401398
0.0401734
0.040191
0.0402336
0.0403124
0.0403548
0.0403625
0.0404529
0.040495
0.0404956
0.0405229
0.0406322
0.0406438
0.0406739
0.0407131
0.0407707
0.0408238
0.0408602
0.0408965
0.0409297
0.040943
0.0410289
0.0411051
0.0411409
0.0411985
0.0412121
0.0412527
0.0412946
0.0413283
0.0413488
0.0414026
0.0414754
0.0415079
0.0415254
0.0415448
0.0415617
0.0415812
0.0416425
0.04171
0.0417176
0.0417531
0.0417848
0.0418213
0.0418824
0.0419215
0.0419928
0.0420217
0.0420299
0.042082
0.0421505
0.0421779
0.0422345
0.0422446
0.0422878
0.0423427
0.0424443
0.0424788
0.0425806
0.0426372
0.0426614
0.0426731
0.0426827
0.0427652
0.0427773
0.0428303
0.0428252
0.0428998
0.0429509
0.0429613
0.0429848
0.0430023
0.0430303
0.0430567
0.0430854
0.0431324
0.0431672
0.043206
0.0432239
0.0432742
0.0433671
0.0434276
0.0434664
0.0435203
0.0435254
0.0435631
0.0435947
0.0436553
0.0436837
0.0437402
0.0437605
0.0437807
0.0437945
0.0438107
0.0438688
0.0438814
0.0439666
0.0440282
0.0440605
0.0441328
0.0442025
0.0442606
0.0443006
0.0443031
0.0443118
0.0443391
0.0443695
0.0444517
0.04447
0.0445014
0.0445434
0.0445843
0.0446301
0.0446808
0.0446962
0.0447364
0.0447554
0.0447603
0.0447468
0.0447775
0.0448299
0.0448679
0.0449658
0.045024
0.0450347
0.0450437
0.0450903
0.0451487
0.0452032
0.0452559
0.0452787
0.0453359
0.0453993
0.0454024
0.0454866
0.0455139
0.0455392
0.0455969
0.0456102
0.0456352
0.0456919
0.0457094
0.0457633
0.045812
0.0458462
0.0458876
0.0459321
0.0459593
0.0459764
0.0459976
0.0460336
0.0460665
0.0461372
0.046148
0.0461856
0.0462365
0.0462685
0.0462881
0.0462967
0.0463532
0.0463744
0.0464135
0.0464931
0.0465277
0.0465473
0.0465885
0.0466033
0.0466278
0.0467109
0.0467215
0.0467356
0.0467722
0.0468419
0.0468836
0.046912
0.0470093
0.0470228
0.0470456
0.0470867
0.0471428
0.0471769
0.0471869
0.0472132
0.0472346
0.0473342
0.0473701
0.047378
0.0474089
0.0474677
0.0475164
0.0475334
0.0475453
0.0475862
0.0476524
0.0477011
0.0477366
0.0477865
0.0478003
0.0478224
0.047874
0.0479538
0.0479797
0.0479916
0.0480206
0.0480619
0.0480938
0.0481176
0.0481527
0.0481765
0.0482044
0.0482757
0.0483226
0.0483634
0.04839
0.0484232
0.0484572
0.0485074
0.0485195
0.0485189
0.0485548
0.048559
0.0485974
0.0485895
0.0486114
0.0487009
0.0487098
0.0487188
0.0487663
0.0487969
0.0487987
0.0488212
0.0488704
0.0489554
0.0490235
0.0490373
0.0490495
0.04907
0.0490698
0.049092
0.0491249
0.0491474
0.0491871
0.049251
0.0492981
0.0493403
0.0493736
0.0494127
0.0494497
0.0494995
0.0495246
0.0495604
0.0495647
0.0496511
0.0496647
0.0496866
0.0497199
0.049724
0.04976
0.0498112
0.0498466
0.0498732
0.0499344
0.0499737
0.0499978
0.0500246
0.0500427
0.0500567
0.0501506
0.0501867
0.0502032
0.0502437
0.0502467
0.0502925
0.0503006
0.0503297
0.0503371
0.0503487
0.0503823
0.0504155
0.0504296
0.0504661
0.0505191
0.0505498
0.0505726
0.0505956
0.0506688
0.0506678
0.0506925
0.0507345
0.0507705
0.0507995
0.0508441
0.0508589
0.0508616
0.0508851
0.0509069
0.0508817
0.0509197
0.0509325
0.0509356
0.0509636
0.050995
0.0510276
0.0510916
0.0511515
0.0511895
0.0512339
0.0512524
0.0512928
0.0513364
0.0513695
0.0513794
0.0514267
0.0514635
0.0515322
0.0515502
0.051572
0.0516183
0.0516614
0.0516876
0.0517182
0.0517473
0.0517907
0.0518572
0.0519023
0.051935
0.0519579
0.0519729
0.0519937
0.0520375
0.0520722
0.0520928
0.0521491
0.0521832
0.0522008
0.0522085
0.0522641
0.0523115
0.052372
0.0523846
0.0524358
0.0524665
0.0525052
0.0525068
0.0525392
0.0525666
0.0525981
0.052624
0.0526676
0.0527019
0.0527401
0.0527813
0.0528133
0.0528291
0.0528706
0.0529174
0.0529551
0.0529853
0.0530317
0.053066
0.0531038
0.0531814
0.0532285
0.0532453
0.053298
0.0533245
0.0533635
0.0533966
0.0534754
0.0535219
0.0535334
0.0535254
0.0535736
0.0535995
0.0536337
0.0536381
0.0536823
0.0537025
0.0537329
0.0537883
0.0538253
0.0538626
0.0538959
0.053903
0.0539485
0.0539896
0.0540459
0.0540603
0.0540586
0.0540952
0.0541212
0.0541446
0.0542232
0.0542585
0.0543055
0.0543266
0.0543336
0.0543987
0.0544043
0.0544662
0.0545007
0.0545187
0.0545671
0.0545957
0.0546163
0.0546371
0.0546568
0.0546607
0.0546919
0.0547189
0.0547439
0.0547574
0.0547777
0.0547863
0.0547743
0.0547882
0.0548056
0.0548559
0.0548875
0.0549254
0.0549396
0.0549347
0.0549566
0.0549868
0.0550128
0.0550304
0.0550523
0.0551092
0.0551387
0.0551687
0.0552029
0.0552239
0.0552243
0.0552759
0.0553173
0.0553162
0.0553524
0.0553947
0.0554311
0.0554799
0.0555414
0.0556082
0.0556411
0.0556474
0.0556751
0.0557084
0.0557408
0.0558078
0.0558376
0.0558708
0.0558973
0.0559237
0.0559559
0.0559626
0.0560044
0.0560313
0.0560308
0.0560736
0.0560633
0.056078
