0
0.87041
0.658714
0.563551
0.476238
0.428229
0.393656
0.36138
0.340468
0.32305
0.309943
0.301276
0.296575
0.291233
0.283205
0.277108
0.272005
0.267922
0.263642
0.259328
0.256189
0.25302
0.251495
0.250586
0.247893
0.243869
0.241207
0.238899
0.234624
0.23275
0.231689
0.229039
0.227177
0.224862
0.223271
0.221617
0.219843
0.217948
0.216081
0.214886
0.213414
0.212229
0.210703
0.208826
0.207212
0.205816
0.204658
0.203794
0.20261
0.201199
0.20067
0.200732
0.200637
0.200687
0.199335
0.198552
0.198487
0.198302
0.197884
0.1976
0.197837
0.197475
0.197399
0.196916
0.196366
0.195743
0.195097
0.19462
0.194183
0.193521
0.193232
0.192947
0.192173
0.191583
0.191022
0.190844
0.190551
0.190667
0.19056
0.190249
0.189801
0.189294
0.188681
0.188391
0.188511
0.18811
0.187804
0.18727
0.186855
0.186437
0.185883
0.18561
0.185153
0.185235
0.184996
0.184526
0.184212
0.183746
0.18365
0.183252
0.182763
0.182818
0.182669
0.182793
0.182937
0.182925
0.1825
0.182287
0.182183
0.182227
0.182123
0.181744
0.181756
0.181939
0.181898
0.181766
0.181501
0.181371
0.181157
0.180808
0.180223
0.180211
0.179942
0.17974
0.179429
0.179321
0.17922
0.179112
0.179031
0.17923
0.178966
0.178868
0.178429
0.178221
0.178123
0.17789
0.178019
0.177694
0.177602
0.177425
0.177471
0.17726
0.177119
0.17712
0.176929
0.17665
0.176794
0.176924
0.176929
0.176855
0.176844
0.176691
0.176584
0.176568
0.176605
0.176553
0.176619
0.176653
0.176712
0.176732
0.177057
0.177193
0.177279
0.177523
0.177644
0.177588
0.177525
0.177608
0.177648
0.177846
0.177948
0.178389
0.178495
0.178609
0.178857
0.178881
0.17878
0.178594
0.178537
0.178573
0.178455
0.17857
0.178517
0.178398
0.178344
0.178624
0.178478
0.178475
0.178342
0.178116
0.178085
0.178183
0.178103
0.178483
0.178467
0.17854
0.178727
0.178735
0.178639
0.17842
0.17839
0.178387
0.178545
0.178604
0.17867
0.178471
0.178596
0.178769
0.178665
0.178885
0.178774
0.178725
0.17867
0.178791
0.178663
0.17855
0.178592
0.17849
0.178614
0.178591
0.178641
0.178864
0.178838
0.178815
0.178637
0.178692
0.178753
0.178745
0.178835
0.179073
0.178935
0.179055
0.179065
0.179152
0.179261
0.179297
0.179314
0.179388
0.179599
0.179696
0.179736
0.179894
0.179861
0.179957
0.17996
0.179913
0.179755
0.179561
0.179582
0.179593
0.179633
0.179557
0.179707
0.179617
0.179803
0.179764
0.179876
0.179835
0.179803
0.179744
0.179777
0.179748
0.179743
0.179745
0.179772
0.179908
0.180077
0.180037
0.180187
0.180331
0.180439
0.180543
0.180886
0.180895
0.181077
0.180855
0.180932
0.181176
0.18109
0.181129
0.181193
0.181294
0.181387
0.181474
0.181574
0.18158
0.181609
0.181787
0.181887
0.181898
0.181932
0.182104
0.182085
0.18214
0.182298
0.182334
0.182435
0.182425
0.182302
0.182363
0.182504
0.182542
0.182527
0.182676
0.182879
0.18298
0.183069
0.183148
0.183092
0.183244
0.183287
0.183238
0.183205
0.18329
0.183411
0.18347
0.183544
0.183392
0.183406
0.183501
0.183593
0.18358
0.183587
0.183603
0.183501
0.183516
0.183614
0.183671
0.183673
0.18373
0.183718
0.183841
0.183961
0.184056
0.184173
0.184245
0.184414
0.184638
0.18452
0.184495
0.184408
0.184406
0.184372
0.184647
0.184685
0.184809
0.184862
0.184921
0.185088
0.185251
0.185409
0.185531
0.18553
0.185667
0.18565
0.185677
0.185792
0.185852
0.185842
0.185795
0.185795
0.185907
0.185982
0.185995
0.186018
0.186102
0.186137
0.186215
0.186209
0.186172
0.186145
0.186158
0.186238
0.186266
0.186175
0.186095
0.186231
0.186246
0.186217
0.186272
0.186272
0.186426
0.186519
0.186565
0.186544
0.186696
0.186784
0.186767
0.186887
0.186912
0.186989
0.186986
0.187044
0.187053
0.187112
0.187189
0.187326
0.187487
0.187427
0.187519
0.187569
0.187512
0.187648
0.187818
0.187915
0.187907
0.187939
0.187955
0.188112
0.188103
0.188077
0.188118
0.188083
0.188014
0.188027
0.188062
0.188052
0.188097
0.188155
0.188194
0.188159
0.188287
0.188416
0.1885
0.188573
0.188479
0.188456
0.188452
0.188504
0.188491
0.188538
0.188493
0.188485
0.188478
0.188454
0.188533
0.188552
0.188598
0.188719
0.18883
0.188851
0.189016
0.189167
0.18917
0.189214
0.189171
0.189262
0.189313
0.189347
0.189367
0.189384
0.189559
0.189531
0.189617
0.18966
0.189657
0.189733
0.189844
0.1898
0.189767
0.189839
0.189831
0.189861
0.189905
0.189918
0.190003
0.190022
0.19003
0.190105
0.190118
0.190196
0.190249
0.190275
0.190267
0.190366
0.190344
0.190382
0.190503
0.190463
0.19046
0.190471
0.190469
0.1906
0.190668
0.190753
0.190715
0.190616
0.190678
0.190667
0.190681
0.190671
0.190728
0.190789
0.190902
0.190929
0.190938
0.1909
0.190943
0.19099
0.190954
0.190974
0.190975
0.191038
0.191128
0.191143
0.191181
0.191107
0.191086
0.191158
0.191177
0.191314
0.191393
0.191464
0.191478
0.191497
0.191505
0.191606
0.191577
0.19171
0.191799
0.191762
0.191836
0.191871
0.191846
0.19182
0.191945
0.192036
0.192067
0.192137
0.192211
0.192175
0.19218
0.192153
0.192236
0.192306
0.192233
0.192279
0.192304
0.192334
0.192274
0.192268
0.192234
0.192241
0.192233
0.19235
0.192404
0.192479
0.192556
0.192587
0.192563
0.192481
0.192505
0.192573
0.192594
0.192651
0.192728
0.192719
0.192735
0.192689
0.192722
0.192703
0.192724
0.192727
0.192829
0.192977
0.193018
0.193003
0.193104
0.193238
0.19327
0.19326
0.193279
0.193254
0.193249
0.193273
0.193363
0.193415
0.193428
0.193469
0.193492
0.193573
0.193621
0.193697
0.193698
0.193761
0.193822
0.193901
0.193987
0.194073
0.194109
0.19424
0.194337
0.194426
0.194503
0.19457
0.194566
0.194622
0.1946
0.194723
0.194763
0.194795
0.19482
0.194937
0.194937
0.194925
0.194853
0.194939
0.194988
0.195082
0.195069
0.195132
0.195128
0.195119
0.195114
0.195123
0.195204
0.195208
0.195235
0.195231
0.19531
0.1954
0.195499
0.195483
0.195483
0.195603
0.195696
0.195775
0.195818
0.195863
0.195901
0.196015
0.196033
0.196059
0.196168
0.19617
0.196205
0.196237
0.19632
0.196367
0.196418
0.19646
0.196527
0.196501
0.196556
0.196574
0.19658
0.196676
0.196701
0.196735
0.196796
0.196857
0.196947
0.196959
0.196996
0.197079
0.197112
0.19715
0.197207
0.197206
0.197221
0.197269
0.197265
0.197289
0.197452
0.19754
0.197584
0.197529
0.197587
0.197604
0.197641
0.197681
0.19777
0.197898
0.197967
0.198017
0.198165
0.198181
0.198197
0.198252
0.198311
0.198325
0.198409
0.19845
0.19844
0.198473
0.198468
0.198454
0.198473
0.198506
0.19855
0.198611
0.198645
0.198676
0.198782
0.198844
0.19886
0.198903
0.198953
0.198949
0.198993
0.199033
0.199032
0.199104
0.199212
0.199301
0.199365
0.199558
0.199592
0.19964
0.199689
0.199774
0.199864
0.19992
0.199998
0.200006
0.200076
0.200152
0.200249
0.200322
0.200457
0.200436
0.200448
0.200435
0.200529
0.200592
0.200632
0.200665
0.200687
0.20076
0.200855
0.200886
0.200971
0.201068
0.201063
0.201098
0.201139
0.201165
0.201224
0.201288
0.201372
0.20151
0.201616
0.201652
0.201669
0.201736
0.201834
0.201849
0.201904
0.201958
0.201985
0.202054
0.202179
0.202319
0.202332
0.202401
0.202497
0.202558
0.202668
0.202731
0.202858
0.202907
0.20294
0.203001
0.203061
0.203134
0.203223
0.20325
0.203328
0.20339
0.203467
0.2035
0.203604
0.203666
0.203784
0.203899
0.203956
0.203981
0.204028
0.204077
0.204131
0.204197
0.204325
0.204332
0.204409
0.204435
0.204488
0.204596
0.204677
0.204745
0.204787
0.204816
0.20483
0.204911
0.204995
0.205041
0.205159
0.205167
0.20519
0.205253
0.205278
0.205288
0.205303
0.205356
0.205399
0.205427
0.205474
0.205502
0.205553
0.205598
0.205705
0.205751
0.205811
0.20589
0.205928
0.205951
0.206021
0.206044
0.206148
0.206176
0.206248
0.206357
0.206383
0.206419
0.206493
0.206523
0.206572
0.206617
0.206671
0.206744
0.206815
0.206885
0.206922
0.206944
0.206993
0.207041
0.207084
0.207214
0.207238
0.207304
0.207317
0.207353
0.20739
0.207459
0.207517
0.207579
0.207713
0.20778
0.207802
0.20789
0.207955
0.20798
0.208059
0.208115
0.208263
0.208343
0.208391
0.208466
0.208542
0.208577
0.208684
0.208753
0.208858
0.208836
0.208905
0.208958
0.209006
0.209102
0.209234
0.209266
0.209334
0.209382
0.209489
0.209538
0.209626
0.209697
0.209698
0.209725
0.209829
0.209848
0.209875
0.209971
0.209995
0.210001
0.210005
0.210051
0.210158
0.210166
0.210214
0.210241
0.210323
0.210314
0.210379
0.210424
0.210446
0.210482
0.210518
0.210601
0.210626
0.210658
0.210666
0.210724
0.210832
0.210918
0.210951
0.210984
0.211018
0.21108
0.211124
0.211212
0.21125
0.21127
0.211314
0.211342
0.211405
0.211512
0.211531
0.211535
0.2116
0.211625
0.211709
0.211768
0.211915
0.211999
0.212047
0.212049
0.212093
0.212173
0.212212
0.212266
0.212327
0.212308
0.21239
0.212391
0.21252
0.21258
0.212674
0.21272
0.212777
0.212826
0.212908
0.212977
0.213081
0.213161
0.213249
0.213308
0.213343
0.213395
0.213505
0.21354
0.213582
0.213647
0.213698
0.213747
0.213825
0.213863
0.213907
0.213973
0.214028
0.214052
0.2141
0.214171
0.214185
0.214249
0.214323
0.214381
0.214421
0.214546
0.214643
0.214751
0.214822
0.214902
0.214985
0.215045
0.215112
0.215203
0.215255
0.215263
0.215278
0.215364
0.215462
0.215545
0.215618
0.215709
0.215812
0.215807
0.215824
0.21585
0.215892
0.215977
0.216067
0.216084
0.216122
0.216153
0.216222
0.216274
0.21635
0.216404
0.216494
0.216572
0.21662
0.216677
