0.798319
0.811698
0.813641
0.806802
0.80662
0.806389
0.808493
0.811245
0.813394
0.812135
0.800426
0.788919
0.778763
0.770565
0.759669
0.754672
0.749128
0.741872
0.739212
0.734715
0.724089
0.714054
0.70495
0.694976
0.688712
0.684048
0.67891
0.673913
0.670812
0.665674
0.659527
0.650804
0.644346
0.63843
0.633114
0.627934
0.622419
0.616986
0.611612
0.605817
0.599869
0.593974
0.58892
0.582171
0.576712
0.569374
0.563352
0.558141
0.553158
0.549133
0.542802
0.537632
0.531847
0.52709
0.521649
0.516716
0.511465
0.506191
0.501968
0.497742
0.493624
0.488907
0.484823
0.480892
0.47711
0.473235
0.468948
0.465663
0.462096
0.458538
0.454722
0.450826
0.447002
0.44288
0.440002
0.436685
0.433092
0.429949
0.426413
0.423628
0.420736
0.417488
0.414633
0.412137
0.408826
0.406404
0.403392
0.400396
0.397385
0.394627
0.392883
0.390829
0.389923
0.388086
0.385896
0.38429
0.382555
0.380534
0.378919
0.37755
0.375763
0.374381
0.373788
0.372293
0.37083
0.369596
0.368267
0.36645
0.365313
0.363639
0.362441
0.361228
0.360135
0.358766
0.357597
0.356826
0.35565
0.354549
0.353603
0.352616
0.351711
0.351009
0.350496
0.349765
0.348891
0.348059
0.347187
0.346889
0.346171
0.345337
0.344659
0.343998
0.343234
0.343062
0.342429
0.342124
0.341813
0.341448
0.341211
0.340891
0.340439
0.340045
0.339346
0.338909
0.338111
0.337961
0.337603
0.337426
0.336896
0.336419
0.336425
0.335992
0.335923
0.335608
0.334976
0.334857
0.334573
0.33432
0.33405
0.333533
0.333408
0.333278
0.333358
0.333187
0.332988
0.332575
0.332496
0.332132
0.332009
0.331834
0.331773
0.331288
0.331364
0.331312
0.331267
0.330994
0.331103
0.330853
0.330716
0.330525
0.330332
0.330238
0.330206
0.329863
0.32965
0.32948
0.329314
0.329318
0.328811
0.328471
0.328193
0.32796
0.327807
0.327464
0.327099
0.327157
0.326947
0.326725
0.326573
0.326251
0.326064
0.32602
0.325793
0.325775
0.325489
0.325262
0.325112
0.32502
0.3249
0.324818
0.324554
0.324438
0.324116
0.324096
0.324088
0.324161
0.324068
0.323954
0.324077
0.324073
0.324045
0.323885
0.32377
0.323591
0.323187
0.323098
0.323078
0.322911
0.322676
0.32277
0.322777
0.322984
0.3229
0.322841
0.322837
0.322734
0.322592
0.32262
0.322622
0.322367
0.322229
0.322378
0.322298
0.322248
0.322288
0.322297
0.3222
0.322274
0.322207
0.322053
0.3222
0.322243
0.322417
0.322152
0.322234
0.322131
0.322117
0.322026
0.322078
0.321949
0.321887
0.321755
0.32154
0.321382
0.321307
0.321335
0.321113
0.320969
0.320778
0.32078
0.320587
0.320536
0.320217
0.320202
0.320089
0.319943
0.319832
0.319721
0.319454
0.319222
0.319212
0.319227
0.319176
0.319085
0.319053
0.318972
0.319022
0.318803
0.318608
0.318612
0.318454
0.318307
0.318139
0.318127
0.318077
0.317989
0.31793
0.317903
0.317799
0.317784
0.317641
0.317336
0.317176
0.316929
0.316591
0.316351
0.316129
0.316022
0.315875
0.315704
0.315456
0.315329
0.31509
0.315105
0.314991
0.314778
0.314689
0.314692
0.314336
0.31426
0.314153
0.314036
0.313855
0.313873
0.313713
0.313719
0.313693
0.313465
0.313369
0.313397
0.313228
0.313058
0.312999
0.31288
0.312656
0.31258
0.312414
0.312224
0.312014
0.311897
0.3117
0.311483
0.311438
0.311181
0.311012
0.31094
0.310761
0.310509
0.310288
0.310167
0.310129
0.309984
0.309836
0.309781
0.309595
0.309402
0.309353
0.309107
0.308911
0.308648
0.308586
0.308318
0.308158
0.308077
0.307917
0.307818
0.307831
0.307699
0.30749
0.307484
0.307378
0.30728
0.307363
0.307351
0.307355
0.307349
0.307347
0.307408
0.307425
0.307254
0.307229
0.307154
0.306973
0.306936
0.306822
0.306733
0.30658
0.306458
0.306402
0.306291
0.306371
0.306342
0.306369
0.306363
0.306195
0.306141
0.306143
0.306059
0.306077
0.305962
0.305849
0.305704
0.305596
0.305492
0.305408
0.305228
0.305159
0.305061
0.30503
0.30493
0.304904
0.304774
0.304742
0.304748
0.304638
0.304515
0.304499
0.30442
0.304419
0.304388
0.304194
0.303996
0.303915
0.303798
0.303714
0.303653
0.303541
0.303377
0.303291
0.303252
0.303263
0.303234
0.30315
0.303104
0.303148
0.303023
0.30294
0.302798
0.302646
0.30255
0.302642
0.302607
0.302447
0.302457
0.302194
0.302174
0.302049
0.301951
0.301909
0.301748
0.301615
0.301525
0.301482
0.301457
0.301475
0.301392
0.301294
0.301187
0.30114
0.301027
0.300977
0.300825
0.300743
0.300624
0.30052
0.300422
0.300369
0.300306
0.300195
0.300042
0.299892
0.299845
0.299736
0.299581
0.299511
0.299349
0.299231
0.299163
0.299025
0.298964
0.29892
0.29881
0.298753
0.298681
0.298627
0.298525
0.298494
0.298485
0.298458
0.298297
0.298244
0.29814
0.29802
0.297946
0.297857
0.297671
0.297552
0.297402
0.297351
0.297375
0.29732
0.297221
0.297081
0.296987
0.296778
0.296605
0.296464
0.296428
0.296295
0.296218
0.296117
0.296041
0.295999
0.295913
0.2959
0.295817
0.295779
0.295692
0.295648
0.295529
0.295433
0.295313
0.2953
0.295177
0.295053
0.295086
0.29498
0.294937
0.294808
0.294824
0.294773
0.294676
0.294557
0.294507
0.294422
0.294468
0.294403
0.294344
0.294248
0.294187
0.294193
0.294171
0.294174
0.294116
0.294038
0.293985
0.293964
0.293917
0.293843
0.293815
0.293845
0.293773
0.293784
0.293814
0.293763
0.293775
0.293795
0.29376
0.293669
0.293649
0.293638
0.293567
0.293642
0.293643
0.29355
0.293538
0.293493
0.293456
0.293418
0.293417
0.293399
0.29333
0.293324
0.293309
0.293225
0.293272
0.293226
0.293197
0.293147
0.293163
0.293164
0.293093
0.293014
0.2929
0.292913
0.292858
0.292785
0.292761
0.29271
0.292663
0.292634
0.292575
0.292566
0.292583
0.292572
0.292536
0.292535
0.292471
0.292427
0.292355
0.292331
0.292288
0.292359
0.292371
0.292363
0.292278
0.292256
0.292183
0.292165
0.292192
0.292214
0.292172
0.292159
0.292127
0.292142
0.292039
0.292052
0.292111
0.29205
0.292106
0.291946
0.291901
0.291894
0.29191
0.291934
0.291919
0.291868
0.291823
0.291846
0.291837
0.291784
0.291673
0.291579
0.291635
0.291537
0.291505
0.291496
0.291463
0.291379
0.291331
0.291328
0.291289
0.291282
0.291261
0.291198
0.291232
0.291241
0.291235
0.29111
0.291094
0.291082
0.291089
0.29108
0.291096
0.291068
0.291012
0.291046
0.291006
0.290983
0.290991
0.291004
0.291015
0.291
0.290906
0.290897
0.290895
0.290927
0.290911
0.290915
0.290845
0.290843
0.290777
0.29081
0.290846
0.290846
0.290803
0.290856
0.290804
0.290853
0.290813
0.290827
0.290861
0.29093
0.29092
0.290964
0.290924
0.290929
0.290951
0.290952
0.290967
0.290896
0.290854
0.290903
0.290861
0.290849
0.290842
0.290829
0.290888
0.290902
0.290985
0.291096
0.291023
0.291067
0.291016
0.290982
0.290942
0.290968
0.290904
0.290927
0.290918
0.290834
0.290733
0.290679
0.290671
0.290653
0.29068
0.290701
0.290668
0.290686
0.290659
0.29062
0.290676
0.290657
0.290598
0.290586
0.290583
0.290572
0.29052
0.29049
0.290489
0.290463
0.290442
0.290384
0.290413
0.29041
0.290414
0.290397
0.290359
0.290346
0.290316
0.290303
0.290325
0.290317
0.290314
0.290324
0.290303
0.290272
0.290215
0.290182
0.290195
0.290184
0.290121
0.290088
0.290118
0.290147
0.290046
0.290027
0.290022
0.289974
0.289997
0.290013
0.289949
0.289952
0.289998
0.290039
0.290012
0.290031
0.289977
0.289947
0.289938
0.289918
0.289914
0.289927
0.2899
0.289866
0.289869
0.289852
0.289837
0.289818
0.289783
0.289736
0.289703
0.28968
0.289625
0.289595
0.289539
0.289487
0.289497
0.289489
0.289424
0.289373
0.28933
0.289305
0.289301
0.289269
0.28925
0.289253
0.289202
0.289229
0.28923
0.289243
0.289233
0.289238
0.289229
0.289199
0.289244
0.289187
0.289125
0.289065
0.289035
0.289032
0.289017
0.289033
0.289021
0.288983
0.288986
0.289013
0.288991
0.289043
0.289014
0.288922
0.28893
0.288948
0.288945
0.28896
0.288955
0.288924
0.28897
0.288891
0.28883
0.288803
0.288777
0.288794
0.28878
0.288751
0.288746
0.288751
0.288721
0.288748
0.288722
0.288704
0.288703
0.288676
0.288705
0.288725
0.28868
0.288705
0.288672
0.288641
0.288616
0.288638
0.288636
0.288669
0.288702
0.288744
0.288755
0.288777
0.288826
0.288888
0.288867
0.288818
0.288803
0.288838
0.288804
0.288828
0.288879
0.288849
0.288852
0.288888
0.288924
0.288986
0.288989
0.288975
0.288974
0.289056
0.289047
0.289074
0.289053
0.289089
0.289126
0.289105
0.289082
0.289052
0.289047
0.28906
0.289077
0.289038
0.289095
0.289134
0.289129
0.289148
0.289152
0.289171
0.289174
0.289178
0.289188
0.28927
0.289298
0.289308
0.289282
0.289313
0.289381
0.289427
0.289409
0.28943
0.28944
0.289453
0.289465
0.289516
0.289474
0.28948
0.289498
0.289524
0.289553
0.289557
0.289562
0.289537
0.289588
0.289619
0.289617
0.28961
0.289615
0.289665
0.289686
0.289724
0.28976
0.289788
0.289849
0.289875
0.289818
0.289861
0.289895
0.289881
0.289865
0.289876
0.289904
0.289947
0.289924
0.289946
0.289956
0.289959
0.289956
0.289962
0.289941
0.289916
0.289943
0.289975
0.289977
0.289932
0.289977
0.289986
0.289995
0.29003
0.290016
0.290042
0.290038
0.290057
0.290046
0.290048
0.290037
0.290023
0.290042
0.29008
0.290102
0.290101
0.290082
0.290131
0.290163
0.290205
0.290211
0.290205
0.290183
0.290194
0.290222
0.290213
0.290264
0.290305
0.290309
0.290315
0.290329
0.290376
0.29042
0.290478
0.290481
0.290496
0.290512
0.290525
0.29055
0.290585
0.290623
