0
0.191268
0.32551
0.370219
0.390056
0.406237
0.41866
0.418931
0.425907
0.426766
0.429842
0.428735
0.430935
0.431286
0.433312
0.436469
0.434239
0.435958
0.435999
0.438301
0.439883
0.439318
0.441279
0.442168
0.443807
0.444456
0.445547
0.444235
0.445428
0.446541
0.446116
0.446277
0.447614
0.447481
0.447844
0.448082
0.448066
0.449156
0.449588
0.449078
0.447838
0.446375
0.446451
0.446426
0.446933
0.447645
0.448428
0.448601
0.446885
0.445817
0.445586
0.445776
0.444333
0.443995
0.443776
0.443229
0.441438
0.440831
0.440218
0.439526
0.439185
0.438945
0.437671
0.437389
0.437187
0.43639
0.436306
0.435167
0.434527
0.434302
0.433724
0.431468
0.430814
0.429825
0.428685
0.428057
0.426911
0.426538
0.426186
0.425429
0.424757
0.424859
0.4249
0.424591
0.424192
0.424524
0.424383
0.423968
0.423337
0.422665
0.422598
0.422324
0.421318
0.420854
0.420676
0.420384
0.420037
0.41954
0.419289
0.419318
0.418959
0.418665
0.418223
0.417985
0.417548
0.417029
0.416619
0.416306
0.416256
0.415347
0.415711
0.415324
0.41489
0.414662
0.41451
0.414449
0.414566
0.414522
0.414551
0.414596
0.414476
0.414272
0.414329
0.414403
0.414404
0.41429
0.413905
0.413811
0.413584
0.413385
0.413149
0.412879
0.412899
0.413019
0.412776
0.412615
0.412431
0.412494
0.412546
0.412299
0.412155
0.412101
0.411934
0.411949
0.411455
0.411448
0.411782
0.411789
0.41173
0.411412
0.410673
0.410654
0.41045
0.410555
0.410533
0.410216
0.409961
0.410005
0.409994
0.409693
0.409818
0.409697
0.409843
0.40971
0.408338
0.407198
0.406532
0.406383
0.406428
0.406501
0.406232
0.406035
0.406158
0.406011
0.40612
0.405929
0.405989
0.405625
0.405685
0.405128
0.404793
0.404721
0.404426
0.404391
0.404252
0.404047
0.402017
0.401431
0.401437
0.401212
0.401107
0.400712
0.400073
0.399827
0.399737
0.399315
0.398858
0.398842
0.398454
0.398087
0.397787
0.397298
0.397039
0.39686
0.39684
0.396969
0.396528
0.396532
0.396356
0.396182
0.395858
0.395864
0.395881
0.395835
0.395614
0.395473
0.395262
0.39508
0.395007
0.3946
0.394576
0.394275
0.394348
0.394146
0.394002
0.394053
0.393798
0.393779
0.393399
0.393145
0.392814
0.392822
0.392705
0.392586
0.392467
0.392322
0.392366
0.392098
0.391967
0.392071
0.392085
0.392016
0.391924
0.391596
0.391569
0.391161
0.390526
0.390506
0.390458
0.390418
0.390338
0.390216
0.390128
0.389993
0.390096
0.389998
0.389926
0.38976
0.389642
0.389472
0.389446
0.388955
0.388936
0.388708
0.388048
0.387281
0.387423
0.387287
0.387328
0.387209
0.386988
0.386661
0.386635
0.386652
0.386696
0.386603
0.386761
0.386769
0.386553
0.385914
0.384502
0.384358
0.384304
0.383936
0.383965
0.383851
0.383885
0.383812
0.383787
0.383793
0.383628
0.383459
0.383396
0.383245
0.383173
0.383024
0.382775
0.382691
0.382664
0.382483
0.382536
0.382503
0.382457
0.382314
0.382246
0.382295
0.381973
0.382017
0.382
0.381931
0.381859
0.3818
0.38175
0.381491
0.381388
0.381437
0.381414
0.381198
0.381095
0.380893
0.380953
0.380784
0.380604
0.380438
0.380397
0.38041
0.380192
0.380056
0.380006
0.379942
0.379793
0.379733
0.379684
0.379549
0.379461
0.379273
0.379101
0.378945
0.378871
0.378785
0.378694
0.378707
0.378451
0.378247
0.378163
0.378332
0.378229
0.37805
0.377781
0.377814
0.377564
0.377556
0.377515
0.377449
0.377371
0.37733
0.377269
0.377132
0.377201
0.377002
0.376855
0.376822
0.37675
0.376633
0.376585
0.376481
0.376528
0.376427
0.376308
0.37627
0.376115
0.376141
0.376168
0.376043
0.375794
0.375789
0.375893
0.375865
0.375852
0.37583
0.375722
0.375687
0.375579
0.3756
0.37554
0.37545
0.37535
0.375367
0.37534
0.375308
0.375269
0.375277
0.375318
0.375209
0.375206
0.374776
0.374718
0.374676
0.374666
0.374652
0.37463
0.374552
0.374669
0.374645
0.374676
0.374579
0.374539
0.374446
0.374467
0.374486
0.374415
0.374299
0.374304
0.374225
0.374191
0.374106
0.374103
0.374198
0.374181
0.374117
0.373988
0.373965
0.373925
0.373924
0.373874
0.373532
0.373499
0.373432
0.373395
0.373393
0.373307
0.373377
0.373273
0.373231
0.373225
0.373206
0.373128
0.373093
0.373159
0.373074
0.373026
0.373015
0.372929
0.372955
0.372909
0.372825
0.372838
0.372906
0.372941
0.37303
0.373003
0.373014
0.373123
0.373099
0.373083
0.373029
0.373011
0.372969
0.372969
0.372959
0.372896
0.372984
0.372874
0.372777
0.372821
0.372884
0.372901
0.372917
0.372936
0.372936
0.372912
0.372907
0.372821
0.372821
0.372862
0.372945
0.373015
0.372906
0.372882
0.372767
0.37272
0.372735
0.372726
0.372899
0.372939
0.372953
0.372914
0.372839
0.37304
0.373135
0.37302
0.373099
0.373134
0.3732
0.37314
0.373119
0.373235
0.373288
0.373243
0.373249
0.373201
0.373201
0.373257
0.373261
0.373238
0.373316
0.373361
0.37337
0.373469
0.373481
0.373617
0.373659
0.373719
0.373681
0.37366
0.373692
0.373726
0.373711
0.373736
0.373698
0.373676
0.373658
0.373592
0.37361
0.37364
0.373579
0.373505
0.373448
0.373528
0.373595
0.373595
0.373573
0.373547
0.373562
0.373658
0.373657
0.373673
0.373627
0.373584
0.373636
0.373641
0.373684
0.373683
0.373797
0.373837
0.373903
0.373978
0.37397
0.374061
0.373996
0.373999
0.373982
0.374007
0.374085
0.374086
0.37402
0.373968
0.373967
0.374019
0.374045
0.374093
0.374063
0.374082
0.374092
0.374099
0.374099
0.374088
0.37411
0.374126
0.374124
0.374129
0.374109
0.374188
0.374208
0.374168
0.374136
0.37422
0.374382
0.374421
0.374376
0.374367
0.374387
0.374299
0.374305
0.374383
0.374391
0.374258
0.374276
0.374236
0.374203
0.374199
0.37434
0.374363
0.374401
0.3744
0.374467
0.374547
0.374543
0.374481
0.374488
0.374432
0.374519
0.374568
0.374496
0.374499
0.374527
0.374543
0.374523
0.374567
0.374621
0.374533
0.374529
0.374523
0.374534
0.374524
0.374547
0.374517
0.374523
0.374597
0.374643
0.374661
0.374717
0.374692
0.374734
0.374787
0.374864
0.374878
0.374907
0.374836
0.374959
0.37501
0.375012
0.375001
0.374995
0.375093
0.374956
0.37443
0.373839
0.373285
0.373146
0.373054
0.373009
0.373006
0.372899
0.372824
0.372803
0.372688
0.372667
0.372556
0.372478
0.372447
0.37237
0.372336
0.372373
0.372403
0.372331
0.372359
0.372395
0.372379
0.37232
0.372366
0.372277
0.372232
0.372202
0.372252
0.372238
0.372202
0.372145
0.372113
0.372071
0.372031
0.372008
0.371923
0.371951
0.37195
0.371979
0.371922
0.371938
0.371951
0.371921
0.371962
0.371796
0.371663
0.371601
0.371602
0.371531
0.371565
0.371507
0.371512
0.371546
0.371517
0.371543
0.371541
0.371532
0.371447
0.371394
0.371389
0.371359
0.37133
0.371385
0.371439
0.371359
0.371325
0.371322
0.371359
0.371309
0.371285
0.371236
0.371269
0.371209
0.371186
0.371158
0.37111
0.371097
0.371063
0.371102
0.371031
0.370989
0.371001
0.37092
0.37099
0.371045
0.371034
0.371017
0.37101
0.371025
0.371019
0.371003
0.370957
0.370917
0.370894
0.370906
0.370835
0.370775
0.370704
0.370707
0.370675
0.370668
0.370591
0.370626
0.370615
0.370607
0.370584
0.370624
0.370592
0.370541
0.370463
0.370443
0.37041
0.370347
0.370308
0.370309
0.370294
0.370221
0.370188
0.370248
0.370215
0.370191
0.370212
0.37019
0.370117
0.370124
0.370091
0.370087
0.370051
0.369995
0.36993
0.369905
0.369902
0.369866
0.369892
0.369834
0.369865
0.369815
0.369804
0.369846
0.369763
0.369755
0.369725
0.369733
0.369711
0.369683
0.369734
0.369777
0.369801
0.369807
0.369767
0.369786
0.369794
0.369798
0.36979
0.369793
0.369773
0.369805
0.369821
0.369812
0.369857
0.369804
0.369814
0.369735
0.369776
0.369738
0.369733
0.369759
0.369815
0.369772
0.369768
0.369755
0.369757
0.369812
0.369876
0.369861
0.369889
0.369879
0.369896
0.369876
0.369924
0.369905
0.369891
0.369899
0.369891
0.369891
0.369873
0.369899
0.369961
0.36997
0.369948
0.369893
0.369926
0.369897
0.369891
0.36984
0.369851
0.369856
0.369841
0.369907
0.369918
0.369895
0.369931
0.369908
0.369915
0.36962
0.369213
0.368971
0.368954
0.368955
0.368926
0.368906
0.368808
0.368789
0.368784
0.368749
0.368743
0.368706
0.368728
0.368753
0.368682
0.368667
0.368605
0.368567
0.368498
0.368514
0.368502
0.368447
0.368501
0.368486
0.368493
0.368468
0.368433
0.368457
0.368099
0.368056
0.368013
0.368002
0.368016
0.368029
0.367998
0.367965
0.367969
0.36796
0.367959
0.367914
0.367875
0.3679
0.367866
0.367855
0.367797
0.367745
0.367742
0.367666
0.367666
0.367699
0.367594
0.367578
0.367584
0.367549
0.367555
0.367515
0.367427
0.367402
0.367322
0.367326
0.367322
0.367275
0.367216
0.367136
0.367128
0.367157
0.367148
0.367193
0.367193
0.367118
0.367065
0.367066
0.367079
0.36707
0.367001
0.367031
0.366985
0.367012
0.367003
0.366872
0.366885
0.3669
0.366921
0.366858
0.366798
0.366823
0.366818
0.366774
0.36674
0.366758
0.366729
0.366714
0.366691
0.366653
0.366628
0.366661
0.366649
0.366615
0.366642
0.366654
0.366634
0.36658
0.366595
0.366509
0.366509
0.366555
0.366557
0.366576
0.366526
0.366488
0.366448
0.366382
0.366393
0.366391
0.366438
0.366432
0.366403
0.366385
0.366355
0.366295
0.366249
0.366256
0.366234
0.366217
0.366247
0.366252
0.366215
0.366196
0.366203
0.366173
0.366136
0.366152
0.366183
0.366162
0.366162
0.366183
0.366209
0.366203
0.366183
0.366243
0.366186
0.366197
0.366167
0.36618
0.366213
0.366241
0.365941
0.36593
0.365973
0.365994
0.366
0.366002
0.366012
0.365983
0.36597
0.365947
0.365951
0.365891
0.365838
