0
0.522158
0.553922
0.55013
0.546608
0.548966
0.556278
0.554934
0.551884
0.554388
0.556985
0.553644
0.554393
0.556434
0.558557
0.556874
0.556372
0.55683
0.558221
0.560464
0.558646
0.55943
0.557397
0.558867
0.558754
0.557809
0.55837
0.557411
0.557466
0.558074
0.558856
0.559557
0.559666
0.559868
0.559877
0.560018
0.559994
0.5601
0.559404
0.560155
0.559684
0.558808
0.559167
0.559216
0.557508
0.557322
0.557665
0.557222
0.554597
0.553679
0.552433
0.55097
0.550346
0.549061
0.548158
0.547066
0.546451
0.545253
0.544249
0.543351
0.543016
0.541904
0.540882
0.540391
0.539706
0.538455
0.538122
0.537162
0.536265
0.535544
0.535352
0.533333
0.532857
0.531961
0.530747
0.530441
0.529501
0.529244
0.528353
0.527062
0.526733
0.526244
0.525321
0.524988
0.524276
0.523708
0.523329
0.523168
0.523071
0.522395
0.522068
0.521727
0.520844
0.520103
0.519466
0.51911
0.51911
0.518829
0.518114
0.517842
0.517217
0.516642
0.515942
0.515181
0.515328
0.515094
0.514791
0.514248
0.513989
0.512742
0.51252
0.512361
0.512294
0.512127
0.511785
0.511313
0.511413
0.511288
0.511173
0.510695
0.510527
0.510125
0.509526
0.509557
0.509075
0.508761
0.508238
0.508346
0.508401
0.508155
0.507982
0.507745
0.507371
0.507016
0.506835
0.506892
0.506659
0.506515
0.506695
0.506606
0.506407
0.5059
0.505868
0.505762
0.505634
0.505715
0.505576
0.50553
0.505865
0.506068
0.505074
0.505108
0.505083
0.50491
0.505003
0.505
0.504682
0.504542
0.504443
0.504162
0.504201
0.504104
0.503936
0.503895
0.502794
0.502137
0.501285
0.501365
0.50133
0.501254
0.5007
0.500535
0.500634
0.500513
0.500159
0.500158
0.500099
0.500058
0.499664
0.499267
0.498875
0.498817
0.498519
0.498527
0.498496
0.498456
0.496334
0.495746
0.495614
0.495522
0.495185
0.49473
0.493924
0.493825
0.493652
0.493347
0.493112
0.492859
0.492499
0.492279
0.491962
0.491655
0.491615
0.491382
0.491177
0.490895
0.4904
0.490341
0.490264
0.490076
0.489902
0.489741
0.489595
0.489377
0.489201
0.488912
0.488813
0.48859
0.488444
0.488062
0.487756
0.487645
0.487594
0.487529
0.487336
0.487198
0.48725
0.48726
0.48696
0.487007
0.486753
0.486792
0.486857
0.486689
0.486365
0.486241
0.486219
0.486165
0.485896
0.485903
0.485772
0.485697
0.485592
0.485485
0.485339
0.484825
0.484317
0.484128
0.484002
0.483783
0.483603
0.483469
0.483221
0.483041
0.482868
0.482788
0.482767
0.48266
0.482676
0.482503
0.482367
0.48186
0.481897
0.482003
0.481539
0.480896
0.480713
0.480741
0.480494
0.480392
0.48026
0.480174
0.480193
0.480147
0.479977
0.47981
0.479867
0.479856
0.479815
0.47904
0.477592
0.477237
0.47724
0.47694
0.47674
0.476439
0.476217
0.476212
0.476059
0.475905
0.475666
0.475653
0.47558
0.475438
0.475347
0.475036
0.475043
0.475015
0.474849
0.474839
0.474804
0.474688
0.474547
0.47446
0.47453
0.474436
0.47427
0.474313
0.474278
0.474125
0.47405
0.474086
0.47414
0.474206
0.474172
0.474126
0.473948
0.474033
0.473942
0.473936
0.473963
0.473873
0.473649
0.473371
0.473351
0.473231
0.473092
0.472968
0.472959
0.472837
0.472815
0.47276
0.472663
0.472613
0.472733
0.472622
0.472487
0.472358
0.472404
0.472338
0.472169
0.472
0.471892
0.47192
0.471808
0.471692
0.471538
0.471376
0.471341
0.471385
0.471085
0.470943
0.470897
0.470793
0.470647
0.470484
0.470365
0.470261
0.470126
0.470032
0.470134
0.470153
0.470011
0.469784
0.469721
0.469608
0.469672
0.469648
0.469376
0.4693
0.469233
0.46927
0.469215
0.469105
0.46902
0.468919
0.468918
0.468935
0.468889
0.46893
0.468912
0.468867
0.468785
0.468673
0.46865
0.468658
0.468687
0.46871
0.468516
0.468466
0.468384
0.468274
0.468317
0.468286
0.468203
0.46784
0.467715
0.467541
0.467499
0.467467
0.467383
0.467405
0.467297
0.467286
0.467351
0.467263
0.467207
0.46722
0.467173
0.467103
0.467073
0.46698
0.466902
0.46686
0.466839
0.466844
0.466673
0.466692
0.466616
0.466617
0.466581
0.466586
0.466419
0.466341
0.466206
0.465862
0.465751
0.465657
0.465675
0.465708
0.465539
0.465561
0.465484
0.465351
0.465395
0.465386
0.465397
0.465261
0.465289
0.465343
0.465123
0.465217
0.465159
0.465216
0.465357
0.465275
0.465213
0.465211
0.46525
0.465261
0.465132
0.465189
0.465116
0.465136
0.465133
0.465186
0.465127
0.46506
0.465096
0.465015
0.465029
0.465049
0.465048
0.464997
0.465064
0.465111
0.465125
0.46514
0.465024
0.464961
0.465006
0.465168
0.465192
0.465219
0.465217
0.465198
0.465204
0.465054
0.465082
0.465199
0.465183
0.465062
0.465089
0.465053
0.465026
0.464995
0.465044
0.465139
0.465184
0.465225
0.465177
0.465227
0.46525
0.465153
0.465167
0.465128
0.465126
0.465171
0.465228
0.465241
0.465157
0.465188
0.465181
0.46509
0.465161
0.46524
0.465244
0.465242
0.46522
0.46522
0.465263
0.465322
0.465482
0.465522
0.465396
0.465442
0.465553
0.465461
0.465509
0.465489
0.465542
0.465492
0.465465
0.465394
0.465439
0.465363
0.465368
0.465389
0.465343
0.465291
0.465274
0.465255
0.465272
0.465223
0.465228
0.465301
0.465274
0.465312
0.465378
0.46541
0.465412
0.465411
0.465412
0.465448
0.465438
0.465471
0.465437
0.465467
0.465463
0.46538
0.465367
0.46541
0.46539
0.465429
0.465482
0.465309
0.465304
0.465272
0.46516
0.465215
0.465244
0.465324
0.465358
0.465389
0.46543
0.465345
0.465415
0.465393
0.465416
0.465443
0.465332
0.465367
0.465369
0.465347
0.465321
0.465284
0.465252
0.465287
0.465307
0.465325
0.465393
0.465362
0.46538
0.465343
0.465281
0.465388
0.465366
0.465389
0.46536
0.465331
0.465286
0.46531
0.465359
0.465369
0.465411
0.465477
0.465484
0.465515
0.465471
0.46551
0.465514
0.465529
0.465573
0.465507
0.465506
0.465555
0.465586
0.465618
0.465664
0.465619
0.465567
0.465583
0.46549
0.465508
0.465521
0.465547
0.465497
0.465403
0.465516
0.465589
0.465647
0.465657
0.465677
0.465605
0.465645
0.465665
0.465685
0.465756
0.465766
0.46576
0.465773
0.465874
0.465836
0.465868
0.465933
0.465854
0.465163
0.464533
0.463854
0.463735
0.463716
0.463705
0.463722
0.463705
0.463673
0.463664
0.463672
0.463644
0.463524
0.463466
0.463466
0.463414
0.463354
0.463367
0.463343
0.463272
0.463176
0.463209
0.463194
0.463186
0.463116
0.463038
0.462944
0.462825
0.462839
0.462748
0.46266
0.462659
0.462655
0.462616
0.462552
0.462543
0.462477
0.462475
0.462436
0.462315
0.462318
0.462309
0.462312
0.462311
0.462311
0.462237
0.462164
0.462166
0.462142
0.462116
0.462073
0.461977
0.461907
0.461786
0.461733
0.461689
0.461653
0.461684
0.461609
0.461515
0.461408
0.461433
0.461365
0.461299
0.46132
0.461272
0.461247
0.46123
0.461211
0.461133
0.461141
0.461149
0.461153
0.461069
0.461001
0.461015
0.461011
0.460923
0.460905
0.460845
0.460788
0.460817
0.460786
0.460687
0.460688
0.460692
0.460682
0.460649
0.460646
0.460671
0.460673
0.460627
0.460665
0.460666
0.460629
0.460614
0.46063
0.460539
0.460522
0.460542
0.46054
0.460506
0.460532
0.460492
0.460479
0.460519
0.460588
0.460658
0.460568
0.460565
0.460474
0.460445
0.460493
0.460471
0.460477
0.460521
0.460523
0.46047
0.460378
0.460382
0.46039
0.460404
0.460323
0.460388
0.460344
0.460362
0.460301
0.460287
0.460334
0.460245
0.460203
0.460167
0.460182
0.460128
0.46009
0.460084
0.460047
0.460046
0.460007
0.460018
0.460003
0.460071
0.460066
0.460098
0.4601
0.460098
0.460085
0.460053
0.460088
0.460147
0.460178
0.460167
0.46019
0.460132
0.460139
0.460142
0.46014
0.460161
0.460132
0.460025
0.46005
0.460071
0.460112
0.46001
0.459968
0.459961
0.459915
0.459911
0.459928
0.459892
0.459908
0.459937
0.459931
0.459967
0.459933
0.459917
0.459916
0.459922
0.45996
0.45994
0.459944
0.459977
0.460027
0.460052
0.46007
0.46006
0.460006
0.460027
0.46005
0.460026
0.460063
0.459986
0.459962
0.459951
0.459967
0.459964
0.45996
0.459936
0.459952
0.459965
0.459944
0.459948
0.459917
0.459881
0.4599
0.459547
0.459132
0.458805
0.458831
0.458833
0.458822
0.458824
0.458721
0.458715
0.458644
0.458614
0.45862
0.458529
0.45855
0.458571
0.458498
0.458509
0.458491
0.458477
0.458488
0.458454
0.45846
0.458518
0.458512
0.4585
0.458482
0.458475
0.458406
0.458411
0.457963
0.45789
0.457867
0.457887
0.457843
0.457847
0.457871
0.457871
0.45786
0.457848
0.457788
0.457795
0.457746
0.457737
0.457735
0.457663
0.457642
0.45766
0.457617
0.457581
0.457531
0.457508
0.457444
0.45742
0.457388
0.457394
0.457342
0.457309
0.457252
0.457217
0.457219
0.457209
0.457216
0.457138
0.457013
0.457003
0.456976
0.456943
0.456995
0.457072
0.457046
0.457047
0.457056
0.457062
0.457011
0.456984
0.456929
0.456914
0.456877
0.456831
0.456814
0.456733
0.456698
0.456695
0.45664
0.456636
0.456578
0.456561
0.456492
0.456522
0.456439
0.456418
0.456438
0.456373
0.45638
0.456349
0.456302
0.456319
0.45625
0.456223
0.45623
0.456171
0.456123
0.456056
0.456052
0.456009
0.455979
0.455991
0.455951
0.455959
0.455907
0.455885
0.455872
0.455816
0.455806
0.455801
0.455767
0.455717
0.455681
0.455693
0.455721
0.45567
0.455592
0.45555
0.455533
0.455504
0.455526
0.455503
0.455497
0.455467
0.455456
0.455372
0.455361
0.455345
0.455385
0.455389
0.455352
0.455376
0.455407
0.455389
0.455347
0.455334
0.455338
0.455358
0.455341
0.455338
0.455347
0.455336
0.454988
0.454937
0.454905
0.454896
0.454858
0.454849
0.454828
0.454792
0.454742
0.454731
0.45473
0.454722
0.45469
