0.844193
0.833807
0.833173
0.835788
0.836161
0.830965
0.828007
0.828529
0.825639
0.828247
0.81441
0.802845
0.78951
0.777612
0.772936
0.769418
0.764259
0.75968
0.753358
0.749286
0.739099
0.730122
0.722986
0.713965
0.705861
0.699162
0.693279
0.68886
0.683225
0.678811
0.672708
0.666228
0.660149
0.655114
0.650262
0.645212
0.640185
0.634386
0.630024
0.62547
0.61895
0.612783
0.607805
0.603141
0.597492
0.593354
0.589113
0.585208
0.582037
0.57709
0.572736
0.568377
0.564267
0.560649
0.5569
0.5533
0.549807
0.546567
0.543311
0.539329
0.534629
0.532066
0.529184
0.524718
0.521562
0.518301
0.516656
0.513901
0.511291
0.509185
0.506768
0.504478
0.502834
0.501318
0.49984
0.498458
0.497013
0.495184
0.494042
0.491303
0.490495
0.488177
0.487488
0.486691
0.485865
0.485263
0.483914
0.483064
0.481898
0.481604
0.481632
0.481874
0.481484
0.480988
0.481435
0.481931
0.481923
0.482252
0.481938
0.481911
0.481681
0.481576
0.481538
0.481875
0.482275
0.482446
0.482482
0.48257
0.48229
0.48255
0.482472
0.483228
0.483487
0.48336
0.483546
0.483307
0.483237
0.483744
0.484005
0.483961
0.484236
0.48421
0.484329
0.484679
0.484524
0.484737
0.484954
0.485
0.485178
0.485644
0.485427
0.485614
0.485771
0.485883
0.485686
0.485873
0.486181
0.486409
0.486397
0.48576
0.485658
0.485648
0.485872
0.485985
0.486047
0.486246
0.486115
0.486269
0.486304
0.486179
0.486316
0.486565
0.486269
0.48478
0.483051
0.482599
0.48253
0.482708
0.48274
0.482651
0.482854
0.482877
0.482636
0.482856
0.482796
0.482984
0.482537
0.48266
0.482269
0.482028
0.482198
0.482134
0.481909
0.482007
0.482117
0.479537
0.478947
0.478897
0.478888
0.478731
0.478379
0.477941
0.477706
0.478017
0.478089
0.4782
0.478006
0.478108
0.478204
0.477991
0.477866
0.47797
0.477863
0.477953
0.478088
0.47788
0.477913
0.477814
0.477811
0.477639
0.477734
0.47767
0.477908
0.477991
0.477839
0.477851
0.477822
0.47785
0.477165
0.477117
0.477075
0.476907
0.476921
0.476656
0.47664
0.476547
0.476561
0.476431
0.476379
0.476082
0.476159
0.476263
0.476207
0.476423
0.476409
0.476452
0.476441
0.47629
0.476229
0.476042
0.476049
0.476186
0.476194
0.476175
0.475672
0.475204
0.47539
0.475386
0.475283
0.475346
0.475353
0.475358
0.475355
0.475494
0.475521
0.475551
0.475456
0.475436
0.47561
0.475368
0.474999
0.475091
0.475105
0.474519
0.473834
0.473839
0.473795
0.473509
0.473625
0.473749
0.473761
0.473823
0.47384
0.473887
0.473846
0.473664
0.473843
0.473834
0.472957
0.471414
0.471111
0.471067
0.470947
0.470688
0.470377
0.4702
0.469999
0.469672
0.469461
0.46908
0.468839
0.468507
0.468468
0.468277
0.468003
0.467871
0.467668
0.467344
0.467046
0.466831
0.466705
0.466546
0.466397
0.466175
0.466142
0.465808
0.465647
0.465463
0.465237
0.46499
0.464747
0.464502
0.46424
0.464116
0.464036
0.463922
0.463673
0.463489
0.463375
0.463244
0.463213
0.463003
0.462758
0.462727
0.462641
0.462535
0.462337
0.462361
0.462294
0.462186
0.461898
0.461822
0.461627
0.461428
0.461182
0.460898
0.460653
0.460538
0.460382
0.460133
0.459959
0.459728
0.459499
0.459351
0.459224
0.45887
0.458775
0.458447
0.458237
0.457955
0.457937
0.457736
0.457513
0.45736
0.457187
0.456969
0.456862
0.456793
0.456722
0.456539
0.456371
0.456211
0.455859
0.455772
0.455616
0.455587
0.455522
0.45518
0.455043
0.454873
0.454681
0.454646
0.454582
0.45456
0.454578
0.454489
0.454316
0.454269
0.454087
0.453836
0.453939
0.453862
0.453716
0.453797
0.4538
0.453892
0.454018
0.454136
0.454154
0.454044
0.454142
0.454222
0.454238
0.454442
0.453809
0.453954
0.453909
0.454034
0.454017
0.454088
0.454081
0.454037
0.45413
0.454185
0.45421
0.454245
0.454162
0.454089
0.454078
0.454128
0.454067
0.454084
0.454087
0.454072
0.454139
0.454115
0.454251
0.4542
0.454297
0.45436
0.454437
0.454474
0.454411
0.45442
0.454017
0.453957
0.453964
0.453936
0.453963
0.453926
0.453947
0.453974
0.453995
0.454077
0.454135
0.454121
0.45403
0.45413
0.454107
0.45425
0.454253
0.454329
0.454282
0.45447
0.454495
0.454463
0.45446
0.454437
0.454479
0.454398
0.45445
0.454345
0.454387
0.454398
0.454573
0.454686
0.454714
0.454732
0.454912
0.455097
0.455121
0.455084
0.45514
0.455112
0.455167
0.455099
0.455183
0.455282
0.455293
0.455385
0.45543
0.455524
0.455635
0.455693
0.455749
0.455702
0.455767
0.455844
0.455935
0.455974
0.456096
0.456155
0.456309
0.456357
0.456512
0.45656
0.456676
0.456847
0.457005
0.457121
0.457201
0.457183
0.457278
0.45737
0.457498
0.457586
0.45763
0.457649
0.457709
0.457882
0.457975
0.458077
0.458136
0.458079
0.458215
0.458229
0.458308
0.458433
0.458507
0.458559
0.45859
0.458588
0.458628
0.458443
0.458572
0.458564
0.458559
0.458616
0.458696
0.458868
0.45888
0.458878
0.458879
0.459004
0.459025
0.459062
0.459207
0.459263
0.459331
0.45946
0.459422
0.45954
0.459565
0.45958
0.45961
0.45963
0.459753
0.459779
0.459983
0.460112
0.460237
0.460298
0.460313
0.460379
0.460516
0.460576
0.460596
0.460671
0.46077
0.460924
0.460991
0.461082
0.461137
0.461208
0.461026
0.461148
0.461192
0.461253
0.461293
0.461413
0.46153
0.461695
0.461767
0.461847
0.461895
0.461993
0.462047
0.462159
0.462261
0.462256
0.462251
0.462302
0.462423
0.46227
0.462273
0.462388
0.46244
0.462461
0.462483
0.462502
0.462527
0.462554
0.46266
0.462669
0.462641
0.462637
0.462689
0.462737
0.462787
0.462908
0.462995
0.463053
0.463064
0.463083
0.463105
0.463194
0.463291
0.463264
0.46326
0.463317
0.463365
0.46341
0.463394
0.463385
0.463363
0.463437
0.463416
0.463399
0.463335
0.463252
0.463223
0.46317
0.463285
0.463283
0.463303
0.463291
0.463319
0.463394
0.463484
0.463523
0.463571
0.463643
0.463648
0.463558
0.463525
0.463538
0.463509
0.463631
0.463698
0.463695
0.463719
0.463718
0.463698
0.463747
0.463582
0.462837
0.462143
0.461466
0.461337
0.461366
0.461325
0.461303
0.461363
0.461459
0.461474
0.461521
0.46153
0.461471
0.461549
0.461595
0.461608
0.461575
0.46158
0.461582
0.461558
0.461572
0.461578
0.461661
0.461675
0.461688
0.461637
0.461576
0.461627
0.461671
0.461667
0.46161
0.461608
0.461579
0.461479
0.461452
0.46148
0.461512
0.461598
0.461641
0.461518
0.46148
0.461431
0.461394
0.461468
0.461414
0.46141
0.461313
0.461321
0.461278
0.461395
0.461409
0.461356
0.461332
0.461362
0.461387
0.461342
0.461319
0.461342
0.461258
0.461225
0.461162
0.461175
0.461199
0.461304
0.461364
0.461326
0.461388
0.461434
0.461401
0.461419
0.461437
0.461475
0.461459
0.461354
0.461337
0.461403
0.461532
0.461565
0.461577
0.461546
0.461457
0.461527
0.461554
0.461478
0.461535
0.461567
0.461629
0.461669
0.461714
0.461721
0.461731
0.461792
0.461805
0.46184
0.461903
0.461987
0.462002
0.46205
0.462109
0.462126
0.462153
0.462134
0.462186
0.462188
0.462215
0.462232
0.462251
0.462231
0.462281
0.462303
0.462198
0.462147
0.46216
0.462141
0.462178
0.46225
0.462244
0.462165
0.462191
0.462252
0.462205
0.462178
0.462245
0.462177
0.462201
0.462242
0.462285
0.462282
0.462318
0.462285
0.462306
0.462336
0.462375
0.462292
0.462321
0.462353
0.462355
0.462373
0.462372
0.462373
0.462376
0.462432
0.462484
0.462558
0.462589
0.462696
0.462801
0.462873
0.462898
0.462921
0.463
0.463046
0.463064
0.463096
0.463143
0.463186
0.46324
0.463201
0.463223
0.463249
0.463258
0.463298
0.463368
0.463342
0.463369
0.463391
0.463412
0.463493
0.463503
0.46355
0.463624
0.463674
0.463746
0.463752
0.463782
0.463803
0.463791
0.463841
0.463912
0.463971
0.464066
0.464155
0.464255
0.4643
0.464394
0.464409
0.464461
0.464544
0.464598
0.464655
0.464637
0.464629
0.464633
0.464661
0.464732
0.464753
0.464758
0.464737
0.4648
0.464853
0.46488
0.464927
0.464956
0.464982
0.465066
0.464662
0.464089
0.463733
0.463764
0.463815
0.463788
0.463874
0.46374
0.463746
0.463777
0.463825
0.463914
0.463988
0.464075
0.464118
0.463977
0.463979
0.464002
0.463982
0.464026
0.464109
0.464078
0.464124
0.464183
0.464205
0.464237
0.464236
0.464244
0.464311
0.463802
0.463744
0.463676
0.463643
0.463616
0.463553
0.463475
0.463506
0.46341
0.463369
0.463308
0.463192
0.463176
0.463139
0.463086
0.463038
0.462982
0.462934
0.462898
0.462786
0.462738
0.462673
0.462532
0.462503
0.462421
0.462368
0.462318
0.462269
0.462174
0.462124
0.46212
0.462062
0.462104
0.462084
0.461946
0.461844
0.461829
0.461772
0.4617
0.461637
0.461607
0.461542
0.461457
0.461425
0.461398
0.461277
0.461209
0.461131
0.461027
0.461003
0.460921
0.460784
0.460727
0.460578
0.460466
0.460409
0.460274
0.46022
0.460174
0.460129
0.460027
0.459963
0.459904
0.45987
0.459763
0.459695
0.459626
0.459579
0.45956
0.45948
0.459434
0.459384
0.459278
0.459154
0.459142
0.459044
0.459005
0.459015
0.458977
0.458918
0.458813
0.45877
0.458648
0.458581
0.458546
0.458498
0.45846
0.45829
0.458216
0.45816
0.45811
0.457962
0.457842
0.45777
0.457711
0.457639
0.457563
0.457456
0.457381
0.457261
0.457208
0.457256
0.457273
0.457242
0.45726
0.457242
0.457241
0.457224
0.457244
0.45727
0.457262
0.457275
0.457264
0.457299
0.4573
0.457341
0.457352
0.457392
0.457015
0.457059
0.457074
0.457095
0.457115
0.457157
0.457223
0.457239
0.457285
0.457241
0.457252
0.457224
0.457239
