0
0.271154
0.344861
0.382353
0.397738
0.410327
0.419777
0.429532
0.435337
0.439056
0.42696
0.423505
0.422323
0.425099
0.422341
0.417126
0.413524
0.411
0.409785
0.409622
0.405945
0.404229
0.400884
0.395687
0.392201
0.389211
0.387327
0.384896
0.381873
0.378633
0.375545
0.373605
0.372724
0.371411
0.369245
0.370151
0.369209
0.367569
0.367284
0.366297
0.364404
0.363004
0.36167
0.361199
0.361008
0.360707
0.359869
0.35914
0.358742
0.357743
0.356484
0.356359
0.355964
0.355592
0.354551
0.354121
0.353477
0.351618
0.350948
0.350731
0.350299
0.350036
0.348603
0.348826
0.349378
0.349425
0.349998
0.350471
0.349619
0.348706
0.349191
0.348409
0.347868
0.347831
0.347599
0.347799
0.347506
0.347104
0.347188
0.347508
0.347412
0.346999
0.34659
0.346298
0.34637
0.346397
0.344579
0.34469
0.344656
0.344194
0.344276
0.344352
0.344335
0.344611
0.344359
0.344107
0.343613
0.343556
0.34361
0.343532
0.343458
0.343157
0.343323
0.342992
0.343182
0.343152
0.343126
0.343332
0.343587
0.343967
0.343349
0.343514
0.342876
0.343089
0.343062
0.343384
0.34362
0.344029
0.344344
0.344012
0.344147
0.34443
0.344442
0.344694
0.344587
0.344688
0.344489
0.344442
0.343229
0.343252
0.343437
0.343632
0.34377
0.343608
0.343654
0.343923
0.343978
0.344096
0.344369
0.344018
0.34433
0.344169
0.344339
0.344012
0.344125
0.34388
0.344143
0.344223
0.344352
0.343491
0.343655
0.343709
0.344053
0.344189
0.344289
0.344133
0.344151
0.344331
0.344404
0.344567
0.34483
0.344927
0.344763
0.344497
0.344428
0.344768
0.344982
0.345111
0.345146
0.345306
0.345248
0.345329
0.345265
0.345292
0.345289
0.345303
0.345251
0.345508
0.345581
0.345644
0.34547
0.345441
0.345493
0.345559
0.345844
0.345912
0.346112
0.345834
0.346113
0.346253
0.346417
0.346667
0.346431
0.346648
0.346643
0.346807
0.347059
0.347357
0.347309
0.347401
0.347385
0.347455
0.347559
0.347808
0.348045
0.34798
0.348301
0.348272
0.348283
0.348558
0.348839
0.349087
0.349354
0.349464
0.349674
0.34978
0.350024
0.350192
0.350294
0.350217
0.350255
0.350401
0.350414
0.350661
0.350514
0.350529
0.350764
0.351073
0.351247
0.351292
0.351311
0.351426
0.351466
0.351692
0.351686
0.351882
0.351951
0.352032
0.352003
0.352228
0.352306
0.352531
0.352838
0.352943
0.353069
0.35332
0.353564
0.35383
0.353793
0.353924
0.354129
0.354315
0.354507
0.354737
0.354948
0.355075
0.355165
0.35521
0.355372
0.355289
0.355382
0.355482
0.355514
0.35556
0.355187
0.354249
0.354302
0.354347
0.354385
0.354453
0.354436
0.354441
0.354501
0.354674
0.354615
0.354789
0.354882
0.354923
0.355041
0.355233
0.35515
0.355302
0.355436
0.355601
0.355586
0.355634
0.355581
0.355641
0.355766
0.355726
0.355654
0.355881
0.355981
0.356093
0.356225
0.35645
0.356633
0.356545
0.356467
0.356552
0.356691
0.356826
0.356898
0.356979
0.357062
0.357126
0.357194
0.35718
0.357181
0.357343
0.35741
0.357458
0.357502
0.357484
0.357645
0.357758
0.35796
0.35802
0.35809
0.358071
0.358118
0.358307
0.358421
0.358495
0.358689
0.358693
0.358807
0.358742
0.358838
0.358977
0.359071
0.359083
0.359167
0.359267
0.359407
0.359471
0.359482
0.359571
0.359654
0.359772
0.359725
0.359772
0.359927
0.35996
0.360078
0.359807
0.359818
0.359889
0.359952
0.359992
0.36005
0.360042
0.359787
0.359847
0.359867
0.359909
0.359932
0.359587
0.35965
0.359894
0.360058
0.360094
0.360138
0.360237
0.360369
0.36031
0.360509
0.360479
0.360503
0.360591
0.360684
0.360746
0.360833
0.360794
0.360752
0.36066
0.360706
0.360834
0.360881
0.360832
0.360978
0.361049
0.361113
0.361166
0.361216
0.361245
0.361238
0.361289
0.361285
0.361337
0.361309
0.361101
0.361245
0.361236
0.361239
0.361361
0.361354
0.36138
0.361476
0.361552
0.361694
0.361816
0.361796
0.361897
0.362035
0.362095
0.362157
0.362174
0.361822
0.361711
0.361549
0.361459
0.361416
0.361514
0.361558
0.36159
0.361593
0.361571
0.361657
0.361636
0.361622
0.361748
0.361844
0.361809
0.361831
0.361922
0.361892
0.362029
0.362053
0.362159
0.362234
0.362398
0.362508
0.36253
0.362468
0.362564
0.362661
0.362777
0.362825
0.362803
0.362869
0.362915
0.363014
0.36302
0.362893
0.362532
0.362601
0.3626
0.362635
0.362652
0.362718
0.362744
0.362865
0.362955
0.363112
0.363031
0.363143
0.363233
0.363223
0.363167
0.363121
0.363148
0.363292
0.363259
0.363397
0.363527
0.363561
0.363588
0.363595
0.363658
0.363537
0.363565
0.363623
0.363694
0.363672
0.363718
0.363815
0.363926
0.36409
0.364208
0.364261
0.364273
0.364406
0.364429
0.364323
0.364284
0.364328
0.364459
0.364596
0.364679
0.36474
0.364841
0.364886
0.364942
0.364944
0.365021
0.36504
0.365105
0.365176
0.365272
0.365327
0.365439
0.365453
0.365605
0.36566
0.36579
0.365957
0.365972
0.366073
0.366118
0.366199
0.366294
0.366345
0.366361
0.366254
0.36634
0.366345
0.366382
0.366407
0.366509
0.366572
0.366611
0.366599
0.366569
0.366697
0.366724
0.366712
0.366731
0.366875
0.36699
0.366922
0.366992
0.366944
0.367094
0.367142
0.36722
0.367266
0.367356
0.367452
0.367378
0.367373
0.367435
0.367499
0.36751
0.367555
0.367534
0.3676
0.367676
0.367705
0.367825
0.367858
0.367977
0.367963
0.36799
0.367967
0.367986
0.368058
0.368117
0.368019
0.367405
0.366921
0.366988
0.367068
0.367072
0.367078
0.367082
0.367147
0.367191
0.367163
0.367088
0.367141
0.36707
0.367066
0.36704
0.367113
0.367009
0.367079
0.367146
0.367214
0.36727
0.367213
0.367285
0.367198
0.367192
0.367099
0.367106
0.367132
0.367244
0.367293
0.367367
0.367276
0.36733
0.367316
0.367301
0.367308
0.367233
0.367013
0.367004
0.367005
0.366641
0.366608
0.366592
0.36655
0.366524
0.366507
0.366498
0.366513
0.366553
0.366428
0.366434
0.366498
0.366486
0.366473
0.366458
0.366458
0.366409
0.366362
0.36639
0.366334
0.366283
0.366363
0.366331
0.366303
0.366187
0.366144
0.366132
0.366146
0.366204
0.366232
0.366181
0.36618
0.366138
0.366152
0.366132
0.366156
0.366129
0.366108
0.366152
0.366167
0.366163
0.366167
0.366191
0.366215
0.366151
0.36613
0.366096
0.366117
0.366096
0.366163
0.366096
0.36615
0.366198
0.366237
0.366263
0.366276
0.366159
0.36614
0.366099
0.366066
0.366043
0.366035
0.366058
0.365994
0.365949
0.365966
0.36588
0.365793
0.365792
0.365721
0.365709
0.365751
0.365736
0.365783
0.365839
0.365831
0.365844
0.365821
0.365779
0.365768
0.365765
0.365734
0.365783
0.365766
0.365735
0.365717
0.365797
0.365831
0.365832
0.365878
0.365872
0.36572
0.36556
0.365545
0.365604
0.365584
0.365508
0.365528
0.365529
0.365499
0.36545
0.36543
0.365402
0.365422
0.365439
0.365414
0.365387
0.365406
0.365381
0.365368
0.3654
0.365483
0.365426
0.365443
0.365467
0.365416
0.365444
0.365492
0.365405
0.365389
0.36543
0.365443
0.365414
0.365414
0.365432
0.365413
0.365446
0.365398
0.365366
0.365416
0.365418
0.365382
0.365426
0.365397
0.365361
0.365413
0.365353
0.365366
0.365388
0.365369
0.365396
0.365412
0.365442
0.365436
0.365426
0.365461
0.365554
0.365559
0.365575
0.365564
0.365632
0.36566
0.365714
0.365531
0.365562
0.365398
0.364915
0.364498
0.364322
0.364319
0.364298
0.364122
0.363805
0.363784
0.363815
0.363695
0.363635
0.363623
0.363638
0.363631
0.363543
0.36355
0.363535
0.363484
0.363436
0.363414
0.36336
0.36331
0.363288
0.363301
0.363269
0.363235
0.363219
0.363158
0.36318
0.363113
0.363081
0.363068
0.363045
0.363071
0.363035
0.363018
0.363029
0.363021
0.36299
0.362989
0.363002
0.362966
0.362976
0.362986
0.362936
0.362913
0.362885
0.362803
0.362782
0.362785
0.362753
0.36278
0.362736
0.362777
0.362719
0.362802
0.3628
0.362822
0.362817
0.362808
0.362823
0.362809
0.36279
0.362765
0.362765
0.362773
0.362743
0.362678
0.36269
0.362647
0.362637
0.362585
0.362584
0.36259
0.362611
0.362649
0.362623
0.362584
0.362588
0.362554
0.362565
0.362589
0.362602
0.362601
0.362628
0.362571
0.362565
0.362597
0.362637
0.362631
0.362622
0.362599
0.362562
0.362481
0.362426
0.362431
0.362363
0.362303
0.362315
0.362339
0.362335
0.362371
0.362372
0.36236
0.362334
0.362377
0.362389
0.36237
0.362418
0.362379
0.362365
0.362351
0.362367
0.362259
0.36227
0.362236
0.362252
0.362303
0.362338
0.362343
0.362319
0.362349
0.362352
0.362314
0.36231
0.36231
0.362355
0.362335
0.362338
0.362297
0.362306
0.362293
0.362335
0.362386
0.362405
0.36242
0.362409
0.362426
0.36247
0.362499
0.362532
0.362498
0.362547
0.362599
0.362635
0.36265
0.362678
0.362705
0.362758
0.362701
0.362661
0.362684
0.362726
0.36269
0.362663
0.362695
0.362681
0.3627
0.362687
0.36271
0.362667
0.362652
0.362623
0.362634
0.362649
0.362648
0.362674
0.36275
0.362821
0.362795
0.362819
0.362869
0.362811
0.362815
0.362786
0.362781
0.362801
0.36281
0.362854
0.362867
0.362864
0.362885
0.362941
0.362929
0.362912
0.362894
0.362867
0.362857
0.362883
0.362903
0.362882
0.362849
0.362814
0.362818
0.362794
0.362801
0.362815
0.362818
0.362848
0.36287
0.362885
0.362854
0.362763
0.36273
0.362732
0.362759
0.362748
0.362802
0.362806
0.36283
0.362766
0.362719
0.362736
0.362724
0.362747
0.362726
0.362736
0.362753
0.362771
0.362764
0.362796
0.362831
0.362854
0.362856
0.362875
0.362901
0.362911
0.362944
0.362978
0.362959
0.362968
0.362995
0.363034
0.363045
0.363054
0.363108
0.363121
0.363109
0.363059
0.363067
0.363043
0.363029
0.363
0.363023
0.362992
0.362991
