0
0.570833
0.539103
0.538776
0.53764
0.53715
0.537339
0.533081
0.537834
0.535957
0.52688
0.524125
0.52311
0.523254
0.519064
0.514713
0.507616
0.5052
0.499735
0.496318
0.494205
0.492147
0.490558
0.484216
0.478917
0.475068
0.471713
0.469775
0.465579
0.462015
0.4579
0.456384
0.454361
0.452841
0.451645
0.450863
0.448705
0.447299
0.44695
0.445082
0.443146
0.442522
0.441749
0.441571
0.439696
0.438478
0.437937
0.43745
0.436919
0.436338
0.435554
0.434916
0.434015
0.433552
0.433266
0.43346
0.433402
0.431802
0.431702
0.43183
0.431805
0.430842
0.429955
0.429093
0.429507
0.429597
0.429823
0.429991
0.430166
0.429882
0.430088
0.429715
0.429521
0.429223
0.428972
0.42941
0.429231
0.429076
0.429076
0.429284
0.429425
0.429231
0.429278
0.429319
0.429248
0.429539
0.427694
0.427295
0.426985
0.427146
0.427364
0.427097
0.427514
0.42827
0.428312
0.428687
0.427891
0.428387
0.428936
0.428436
0.427949
0.428043
0.428076
0.428065
0.428168
0.428746
0.429079
0.429109
0.429176
0.429654
0.429871
0.429734
0.429093
0.429023
0.428568
0.428998
0.429153
0.429292
0.429477
0.429219
0.429555
0.429683
0.429836
0.429903
0.429605
0.429465
0.429361
0.429303
0.427932
0.428172
0.428324
0.42803
0.42771
0.427146
0.427036
0.427218
0.427348
0.427454
0.427459
0.427553
0.427475
0.427245
0.42696
0.426959
0.427277
0.427283
0.427394
0.427576
0.427533
0.426746
0.427113
0.427144
0.427441
0.427392
0.427286
0.427291
0.427108
0.427372
0.427516
0.427232
0.427183
0.426967
0.426411
0.426444
0.426482
0.426699
0.426984
0.427227
0.42759
0.427716
0.427982
0.428114
0.428105
0.428203
0.428409
0.428426
0.428522
0.428818
0.428971
0.429181
0.428983
0.429064
0.429151
0.42892
0.428821
0.428867
0.428816
0.428663
0.428818
0.428887
0.428931
0.428853
0.428491
0.428476
0.428503
0.428514
0.428659
0.428605
0.428668
0.428716
0.428651
0.428746
0.428656
0.428796
0.428928
0.428832
0.428862
0.429062
0.429223
0.429398
0.429217
0.429565
0.429586
0.429735
0.430027
0.430104
0.430169
0.430212
0.430415
0.430879
0.430938
0.43089
0.431024
0.431249
0.431322
0.431551
0.431789
0.431773
0.432006
0.43224
0.43238
0.43231
0.432219
0.432452
0.432533
0.432517
0.432542
0.432745
0.432841
0.43285
0.433069
0.433155
0.433341
0.433374
0.4336
0.433674
0.433714
0.433817
0.433847
0.433862
0.433829
0.433989
0.434128
0.434444
0.434495
0.434667
0.434791
0.434985
0.435006
0.434892
0.434665
0.434936
0.435163
0.434904
0.434457
0.433509
0.433484
0.433479
0.433395
0.433546
0.433555
0.433692
0.433872
0.433828
0.433814
0.433911
0.433938
0.43405
0.434169
0.434375
0.43448
0.434504
0.434567
0.434717
0.434942
0.435084
0.43523
0.435359
0.435501
0.435483
0.435521
0.435485
0.43562
0.435708
0.435759
0.435786
0.436023
0.436027
0.436139
0.436146
0.436104
0.43612
0.436304
0.436275
0.436456
0.436607
0.436586
0.436838
0.436897
0.436942
0.437
0.437059
0.437055
0.437229
0.437352
0.437528
0.437614
0.437725
0.437795
0.437866
0.438002
0.438255
0.438474
0.438487
0.438668
0.438805
0.438886
0.439048
0.439098
0.439276
0.439239
0.439227
0.439417
0.439512
0.439617
0.439542
0.439569
0.43975
0.439792
0.439952
0.440027
0.440248
0.440182
0.440244
0.440349
0.44026
0.440088
0.440226
0.440254
0.440329
0.440512
0.440535
0.440396
0.440606
0.440673
0.440795
0.441036
0.440855
0.440847
0.440807
0.440813
0.440926
0.441053
0.441109
0.441295
0.441282
0.441445
0.441472
0.441521
0.441622
0.441775
0.44187
0.441989
0.442123
0.442261
0.442355
0.442381
0.442461
0.442452
0.442516
0.442557
0.442659
0.442794
0.442888
0.443118
0.443317
0.443342
0.44333
0.443411
0.443446
0.44373
0.443604
0.443754
0.443826
0.443893
0.443911
0.443985
0.443964
0.444003
0.444112
0.444195
0.444235
0.444324
0.444488
0.444551
0.444693
0.444897
0.444898
0.444615
0.444568
0.444632
0.444706
0.444814
0.444907
0.444916
0.445003
0.445095
0.445159
0.445255
0.445316
0.445404
0.445366
0.445431
0.445508
0.445581
0.44571
0.445689
0.445817
0.445874
0.446023
0.446109
0.446171
0.446183
0.446268
0.446269
0.446373
0.446482
0.446541
0.44665
0.44665
0.446703
0.446795
0.44681
0.446799
0.446704
0.446421
0.446511
0.446557
0.446649
0.446843
0.446952
0.446955
0.446942
0.446987
0.446953
0.447001
0.447064
0.447105
0.447108
0.447046
0.447029
0.447111
0.447044
0.447141
0.447268
0.447369
0.447395
0.447409
0.447535
0.447602
0.447671
0.447754
0.447779
0.447824
0.447936
0.447961
0.448223
0.448262
0.448307
0.448418
0.44853
0.448643
0.448787
0.448731
0.448821
0.448897
0.448959
0.448987
0.449006
0.449101
0.449288
0.449316
0.449336
0.449429
0.449492
0.449613
0.44978
0.449815
0.449737
0.449863
0.449984
0.450014
0.450133
0.45011
0.450114
0.450138
0.450182
0.450216
0.450226
0.45037
0.450485
0.450469
0.450485
0.450619
0.450703
0.45087
0.450974
0.451109
0.451184
0.451245
0.45128
0.451295
0.451181
0.451255
0.451232
0.451304
0.451262
0.451276
0.451357
0.451405
0.45127
0.451416
0.451462
0.451475
0.451524
0.451573
0.4516
0.451753
0.451739
0.451587
0.45163
0.451694
0.451741
0.451795
0.451845
0.451856
0.451896
0.451988
0.451986
0.452026
0.452105
0.452158
0.452108
0.452206
0.452195
0.452213
0.452184
0.452302
0.452031
0.451215
0.450529
0.450496
0.450414
0.450467
0.450487
0.450469
0.450514
0.450518
0.450608
0.450559
0.450528
0.450516
0.450508
0.450472
0.450389
0.450258
0.450331
0.450302
0.450341
0.450376
0.450308
0.450346
0.450297
0.450307
0.4503
0.45034
0.450298
0.450299
0.450291
0.450349
0.450459
0.450452
0.450479
0.450421
0.450427
0.450435
0.450273
0.45019
0.450161
0.44978
0.44985
0.449856
0.449912
0.449863
0.44983
0.449791
0.449829
0.449888
0.449814
0.449882
0.449903
0.449911
0.449916
0.449956
0.449955
0.449968
0.449883
0.449891
0.449873
0.449867
0.449911
0.4499
0.449951
0.449927
0.44995
0.449998
0.449986
0.450025
0.450002
0.450066
0.450012
0.450027
0.450045
0.449928
0.449904
0.449973
0.449988
0.449981
0.45
0.450014
0.449909
0.449923
0.449933
0.449945
0.449906
0.449872
0.449857
0.44986
0.449868
0.449887
0.449838
0.449907
0.449932
0.449972
0.449976
0.449971
0.449962
0.449894
0.449966
0.449956
0.450037
0.450121
0.45011
0.450078
0.450086
0.450058
0.450004
0.44992
0.449897
0.449825
0.449834
0.449877
0.449865
0.449829
0.449837
0.449813
0.44991
0.449994
0.450035
0.450058
0.450006
0.45002
0.450046
0.45008
0.450115
0.450186
0.450227
0.450262
0.450286
0.450338
0.450301
0.450158
0.450162
0.45021
0.450125
0.450047
0.450062
0.450109
0.450129
0.450175
0.450204
0.450307
0.450293
0.450283
0.450357
0.450316
0.450323
0.450299
0.450311
0.450331
0.450305
0.450306
0.450287
0.450289
0.450248
0.450281
0.450313
0.450325
0.450382
0.45038
0.450363
0.450367
0.450354
0.450431
0.450445
0.450469
0.450447
0.450456
0.450464
0.450475
0.450505
0.450504
0.450538
0.45053
0.450645
0.450576
0.450533
0.450587
0.450579
0.450603
0.450624
0.450668
0.450548
0.450535
0.450503
0.450457
0.45052
0.450578
0.450661
0.450681
0.450703
0.450622
0.450422
0.450424
0.450211
0.449732
0.449219
0.448978
0.449021
0.448985
0.448871
0.448547
0.44855
0.448613
0.448574
0.448586
0.448643
0.44863
0.448608
0.448596
0.448565
0.448503
0.448412
0.448355
0.448316
0.448337
0.448225
0.448231
0.44822
0.448227
0.448227
0.448212
0.448177
0.448172
0.448154
0.44807
0.448051
0.447984
0.448014
0.448025
0.447957
0.447926
0.447874
0.447837
0.447891
0.447853
0.447792
0.4478
0.447732
0.447691
0.44769
0.447699
0.447698
0.447661
0.447625
0.447621
0.447612
0.447577
0.447592
0.447607
0.447645
0.447664
0.447712
0.447726
0.447743
0.447793
0.447766
0.447795
0.447696
0.447733
0.447789
0.447799
0.447737
0.447784
0.447754
0.447778
0.44775
0.447704
0.447769
0.447793
0.447792
0.447723
0.447735
0.447752
0.4478
0.447759
0.44776
0.447777
0.447782
0.4478
0.447768
0.44779
0.447788
0.447833
0.447864
0.447841
0.447847
0.447823
0.447829
0.447805
0.447804
0.447814
0.447805
0.447888
0.447832
0.447826
0.447825
0.447832
0.447855
0.447803
0.447779
0.447813
0.447817
0.447824
0.447793
0.447841
0.447879
0.447917
0.447848
0.447878
0.447872
0.447861
0.447834
0.447822
0.447809
0.447763
0.447826
0.447821
0.447761
0.447756
0.447763
0.447711
0.447716
0.447685
0.447721
0.447718
0.447723
0.447762
0.447809
0.447838
0.447846
0.447858
0.447818
0.447812
0.44782
0.447854
0.447845
0.447882
0.447931
0.447934
0.447959
0.447929
0.447926
0.447953
0.44797
0.447962
0.44802
0.448116
0.448151
0.448104
0.448097
0.448123
0.448102
0.448105
0.448122
0.448048
0.447995
0.44802
0.448065
0.44802
0.448032
0.448096
0.448093
0.448043
0.448087
0.448085
0.44807
0.448025
0.448049
0.447999
0.447977
0.448049
0.448037
0.44805
0.448085
0.448089
0.448116
0.448149
0.448168
0.448163
0.448092
0.448097
0.448098
0.448093
0.448063
0.448109
0.448081
0.448158
0.448158
0.448161
0.448143
0.448175
0.448173
0.448194
0.448172
0.44824
0.448288
0.448264
0.448195
0.448178
0.448157
0.448198
0.448171
0.448182
0.448195
0.448166
0.448217
0.448246
0.448276
0.448282
0.448294
0.448251
0.448264
0.448249
0.448258
0.448235
0.448226
0.448262
0.448236
0.448229
0.448222
0.448219
0.448278
0.448224
0.448228
0.448211
0.448245
0.448288
0.448305
0.448333
0.448364
0.448386
0.448401
0.448385
0.448419
0.448428
0.448452
0.448477
0.44848
0.448516
0.448526
