0.826748
0.836182
0.824832
0.822977
0.825029
0.827082
0.825924
0.830657
0.832792
0.832597
0.817375
0.802911
0.793568
0.786428
0.774637
0.768064
0.76167
0.755615
0.752361
0.748878
0.738536
0.730864
0.721962
0.714929
0.707792
0.700624
0.694386
0.690343
0.685114
0.682228
0.675705
0.669366
0.663957
0.658032
0.653873
0.648483
0.642625
0.638402
0.635753
0.631238
0.625147
0.619717
0.614458
0.609461
0.605171
0.600513
0.59489
0.590858
0.586073
0.582521
0.576389
0.571562
0.566994
0.562192
0.557544
0.554411
0.550591
0.547215
0.543641
0.539675
0.536815
0.533538
0.530449
0.527424
0.524937
0.521773
0.519266
0.516209
0.513401
0.510965
0.507991
0.505346
0.502529
0.500552
0.498184
0.494478
0.492954
0.491448
0.488953
0.486452
0.485134
0.483413
0.481991
0.480412
0.479193
0.478087
0.477231
0.475605
0.474367
0.473025
0.472822
0.472428
0.472239
0.47197
0.471563
0.470861
0.470662
0.470212
0.469209
0.469297
0.469289
0.468324
0.468461
0.468309
0.468519
0.468387
0.468245
0.468173
0.467824
0.467539
0.467575
0.467842
0.468048
0.468108
0.468458
0.468233
0.468268
0.466195
0.466514
0.466855
0.466986
0.466895
0.466249
0.465905
0.466259
0.466165
0.466278
0.466029
0.466061
0.465666
0.465797
0.465775
0.465853
0.465818
0.466284
0.466597
0.46698
0.466709
0.465682
0.465729
0.466039
0.466555
0.466636
0.466875
0.466772
0.467116
0.46746
0.467719
0.467641
0.467634
0.467523
0.467155
0.466754
0.466664
0.466303
0.466689
0.466433
0.466195
0.465929
0.466046
0.465583
0.465587
0.465602
0.465497
0.465477
0.464942
0.46481
0.464209
0.464244
0.463802
0.464011
0.46415
0.464054
0.464267
0.464308
0.464337
0.46437
0.464266
0.464386
0.464336
0.464555
0.464037
0.464187
0.464108
0.464349
0.464536
0.464733
0.464972
0.464912
0.46474
0.464678
0.464717
0.464899
0.464668
0.46457
0.464567
0.464517
0.46445
0.464505
0.464269
0.464178
0.464003
0.464142
0.463983
0.463839
0.463749
0.464026
0.464071
0.464122
0.464064
0.464054
0.46387
0.46397
0.464001
0.463711
0.463739
0.463779
0.46373
0.464014
0.464092
0.464238
0.464099
0.46405
0.46398
0.463968
0.463965
0.464094
0.464188
0.464242
0.464012
0.464148
0.46401
0.463832
0.46354
0.463661
0.463716
0.463645
0.463936
0.463918
0.464
0.464273
0.464294
0.464336
0.464503
0.464548
0.464611
0.464563
0.464684
0.46468
0.464568
0.464908
0.46507
0.464911
0.464316
0.4629
0.46294
0.462929
0.462957
0.462883
0.46283
0.462828
0.462787
0.462936
0.462909
0.462947
0.463147
0.463243
0.463231
0.463254
0.46332
0.463267
0.463444
0.463549
0.463392
0.463424
0.463591
0.463655
0.463743
0.463801
0.463937
0.46409
0.464206
0.46426
0.464316
0.46447
0.4646
0.464818
0.464939
0.46503
0.465073
0.465054
0.465164
0.465103
0.46532
0.46539
0.465487
0.465699
0.465408
0.46537
0.465391
0.465279
0.465298
0.465459
0.465595
0.465784
0.465769
0.465814
0.465754
0.465828
0.466013
0.465782
0.465664
0.46563
0.465661
0.465668
0.465718
0.466006
0.465986
0.466175
0.466183
0.466366
0.466628
0.466844
0.466855
0.467028
0.467133
0.467175
0.467297
0.467366
0.467488
0.467567
0.467679
0.467682
0.467762
0.467429
0.467399
0.467418
0.467368
0.467378
0.467473
0.467405
0.467167
0.467176
0.467318
0.467527
0.467618
0.467189
0.467202
0.467315
0.467293
0.467427
0.467545
0.467688
0.467744
0.467717
0.467831
0.467818
0.467907
0.46804
0.468006
0.467993
0.468115
0.46817
0.468261
0.468216
0.468182
0.468119
0.46797
0.468023
0.468028
0.468059
0.468138
0.468187
0.468142
0.468187
0.468066
0.46827
0.468386
0.468536
0.468602
0.46828
0.468261
0.468292
0.468419
0.468472
0.468556
0.468629
0.468595
0.468569
0.468681
0.468693
0.468666
0.468804
0.468894
0.469007
0.469139
0.469226
0.468835
0.46863
0.468636
0.468637
0.468639
0.468693
0.468863
0.468711
0.468776
0.468821
0.468864
0.468882
0.46884
0.469002
0.469102
0.469167
0.46926
0.469299
0.469372
0.469428
0.469527
0.469658
0.469768
0.469751
0.469834
0.469894
0.469888
0.469836
0.469949
0.469947
0.470064
0.47012
0.470148
0.470248
0.470293
0.470317
0.470066
0.46955
0.469624
0.469707
0.469732
0.469796
0.469761
0.469753
0.469843
0.469767
0.469829
0.469863
0.469898
0.469913
0.46987
0.469701
0.469553
0.469501
0.469633
0.469635
0.469504
0.469526
0.469558
0.469733
0.469773
0.469782
0.469781
0.469861
0.469816
0.469785
0.469804
0.469891
0.469926
0.470031
0.46994
0.470001
0.470124
0.470129
0.470164
0.470179
0.470161
0.470222
0.470153
0.470265
0.470248
0.470272
0.470303
0.470129
0.47028
0.470248
0.470283
0.470397
0.470302
0.470234
0.470198
0.470205
0.470194
0.470176
0.470209
0.470159
0.470212
0.470199
0.470219
0.470183
0.470165
0.470189
0.470185
0.470185
0.470205
0.470322
0.470326
0.47031
0.470336
0.470379
0.470348
0.470445
0.470447
0.470459
0.470233
0.470279
0.470311
0.470204
0.470188
0.470239
0.470175
0.470327
0.470156
0.470192
0.47019
0.470194
0.470139
0.47014
0.470158
0.470224
0.470212
0.470063
0.47001
0.470045
0.470116
0.47011
0.470028
0.469873
0.469856
0.469831
0.469807
0.469838
0.469748
0.469655
0.469657
0.469736
0.469761
0.469763
0.469872
0.469831
0.469597
0.468775
0.467991
0.467896
0.467827
0.467675
0.46762
0.467426
0.467409
0.467378
0.467288
0.467199
0.467061
0.466921
0.466746
0.466542
0.466589
0.466359
0.466297
0.466181
0.466125
0.466001
0.465902
0.465831
0.465695
0.465617
0.465565
0.46544
0.465297
0.465193
0.465116
0.464985
0.464838
0.46475
0.464604
0.464497
0.464408
0.464347
0.464066
0.463983
0.464009
0.463694
0.463565
0.463449
0.463312
0.463178
0.463029
0.463003
0.462921
0.462811
0.462705
0.462597
0.4625
0.462367
0.462264
0.462189
0.462113
0.46204
0.461925
0.461784
0.461665
0.461557
0.461473
0.461378
0.461277
0.461053
0.461013
0.460994
0.460825
0.460835
0.460747
0.4606
0.460468
0.460458
0.460372
0.46026
0.460167
0.460125
0.460009
0.459917
0.459934
0.459823
0.459757
0.459766
0.459719
0.459651
0.459533
0.45952
0.459462
0.459429
0.459367
0.459322
0.459228
0.459182
0.459062
0.45899
0.458942
0.458816
0.458732
0.458601
0.458588
0.458502
0.458487
0.458498
0.458518
0.458512
0.45853
0.458527
0.458587
0.458732
0.45878
0.458786
0.458758
0.458812
0.458873
0.458947
0.459002
0.459013
0.459033
0.45913
0.459142
0.459178
0.45915
0.459189
0.459215
0.459293
0.459317
0.459362
0.459354
0.459381
0.459468
0.459543
0.459512
0.459359
0.459408
0.459468
0.459384
0.459387
0.459378
0.459368
0.459311
0.459372
0.459487
0.459517
0.459514
0.45956
0.459617
0.459667
0.459705
0.459769
0.459811
0.459836
0.4599
0.459904
0.459991
0.460004
0.459966
0.459912
0.459932
0.459904
0.459972
0.460013
0.460002
0.459991
0.46003
0.460058
0.460108
0.460079
0.460016
0.46011
0.460076
0.460228
0.460272
0.460285
0.460307
0.460388
0.460481
0.460288
0.460385
0.460489
0.460588
0.460593
0.460594
0.460604
0.460497
0.460571
0.460622
0.460691
0.460706
0.46081
0.460835
0.460799
0.46084
0.460845
0.460644
0.460721
0.460462
0.459868
0.459261
0.458991
0.459086
0.459118
0.458974
0.458598
0.458618
0.458506
0.45846
0.458448
0.458462
0.458461
0.458495
0.458497
0.458613
0.458653
0.458601
0.458573
0.458558
0.4585
0.458485
0.458504
0.458534
0.458513
0.458482
0.458403
0.458417
0.458413
0.458446
0.458378
0.458386
0.458336
0.458348
0.458299
0.458301
0.458293
0.458262
0.45827
0.458257
0.458255
0.458266
0.458269
0.458297
0.458288
0.45828
0.458273
0.458298
0.458338
0.458435
0.458404
0.458362
0.458366
0.458437
0.458446
0.458491
0.458539
0.458575
0.458626
0.458614
0.458637
0.458608
0.4586
0.458552
0.458631
0.458697
0.458756
0.458745
0.458758
0.458827
0.45884
0.458859
0.458853
0.458883
0.458908
0.458952
0.458917
0.458923
0.458933
0.458953
0.458987
0.458988
0.459002
0.459012
0.459043
0.459054
0.459028
0.459112
0.45911
0.45913
0.459158
0.459231
0.459272
0.459255
0.459279
0.45932
0.459329
0.459331
0.459316
0.45934
0.4594
0.45939
0.459403
0.459408
0.459391
0.459456
0.459485
0.459566
0.459606
0.459634
0.459669
0.45968
0.459742
0.459656
0.459713
0.459667
0.459677
0.459694
0.459756
0.45983
0.459866
0.45995
0.459893
0.459914
0.459924
0.459988
0.460013
0.46005
0.46011
0.460175
0.460179
0.460167
0.460174
0.46018
0.460268
0.460319
0.460369
0.460368
0.460442
0.460441
0.460497
0.46049
0.460521
0.46054
0.460524
0.460621
0.460611
0.460647
0.46072
0.460734
0.4608
0.460858
0.460921
0.460981
0.460972
0.460989
0.461017
0.461091
0.461068
0.461146
0.461114
0.4611
0.461131
0.461172
0.461205
0.461212
0.461248
0.461277
0.461331
0.461369
0.461429
0.461465
0.46145
0.461536
0.461487
0.461544
0.461645
0.46163
0.461683
0.461698
0.461797
0.461858
0.46191
0.461967
0.46198
0.462012
0.462
0.461964
0.461983
0.462025
0.462133
0.462017
0.462056
0.462063
0.462149
0.462218
0.462269
0.46229
0.462261
0.462327
0.462338
0.462366
0.46228
0.462293
0.46233
0.462349
0.462321
0.462377
0.462375
0.462391
0.462311
0.462305
0.462304
0.462332
0.462394
0.462394
0.462423
0.46252
0.462565
0.462567
0.462582
0.462619
0.462666
0.462725
0.462762
0.462766
0.462817
0.462846
0.462866
0.46291
0.462925
0.46297
0.462985
0.463021
0.463103
0.463116
0.463114
0.46315
0.463139
0.463159
0.463162
0.463217
0.463252
0.463255
0.463268
0.46333
