0
0.165644
0.152893
0.17139
0.182872
0.185592
0.198997
0.204461
0.210526
0.221677
0.22483
0.22921
0.231664
0.235206
0.238155
0.242379
0.247096
0.250959
0.256078
0.259301
0.262149
0.265377
0.27008
0.26993
0.269866
0.271905
0.274015
0.275781
0.279478
0.276509
0.277129
0.277759
0.277642
0.279744
0.281178
0.281487
0.283087
0.283689
0.284347
0.285207
0.286688
0.286534
0.286955
0.287215
0.28878
0.289388
0.289776
0.286777
0.286249
0.286906
0.287424
0.287944
0.288569
0.288403
0.288838
0.287138
0.287486
0.288953
0.288296
0.289511
0.290208
0.2907
0.290692
0.291565
0.291217
0.291366
0.291253
0.291124
0.291483
0.291584
0.291495
0.291397
0.289694
0.290834
0.290607
0.290651
0.291085
0.291285
0.291605
0.292119
0.292636
0.29245
0.292383
0.29232
0.290951
0.290987
0.29138
0.29069
0.29147
0.291862
0.29198
0.29207
0.292164
0.292355
0.291304
0.291067
0.291398
0.291327
0.291611
0.292011
0.291889
0.292017
0.291795
0.291517
0.291532
0.292092
0.292291
0.292729
0.292964
0.293209
0.293488
0.294273
0.294453
0.295194
0.295171
0.295424
0.2959
0.295933
0.296137
0.296456
0.296614
0.296959
0.297454
0.297743
0.298107
0.298157
0.298379
0.298914
0.299143
0.29983
0.29994
0.300273
0.300464
0.300728
0.300973
0.300923
0.301302
0.301696
0.301617
0.301549
0.301726
0.3018
0.301971
0.302068
0.302142
0.302544
0.302573
0.302883
0.302722
0.301543
0.299609
0.299704
0.299863
0.299683
0.299384
0.299313
0.299304
0.299151
0.29916
0.29915
0.298967
0.298945
0.298883
0.298457
0.298558
0.298645
0.298558
0.298314
0.29871
0.298869
0.298695
0.298648
0.298992
0.298862
0.298872
0.298923
0.299056
0.299193
0.299073
0.298857
0.298845
0.298802
0.298962
0.298889
0.298763
0.298841
0.298988
0.299198
0.299213
0.299429
0.29943
0.299424
0.299285
0.299231
0.299176
0.299269
0.299383
0.299198
0.299248
0.29929
0.299348
0.299579
0.299678
0.299918
0.29996
0.300127
0.300046
0.300119
0.300185
0.300261
0.300429
0.300149
0.300234
0.300257
0.300274
0.300243
0.300195
0.300246
0.300295
0.300217
0.299951
0.29975
0.299553
0.299426
0.299467
0.299443
0.299547
0.299618
0.299612
0.299783
0.299722
0.299807
0.299961
0.299878
0.29975
0.30004
0.30023
0.300167
0.300053
0.299998
0.30008
0.300224
0.300404
0.30036
0.299852
0.299864
0.300016
0.300039
0.300197
0.300149
0.300319
0.30043
0.300525
0.300426
0.300595
0.300542
0.300544
0.300541
0.300632
0.300531
0.300344
0.300364
0.300382
0.30047
0.300624
0.3006
0.300589
0.300737
0.300863
0.300863
0.300925
0.301145
0.301244
0.301341
0.301411
0.301253
0.3013
0.301379
0.301449
0.301547
0.301628
0.30173
0.30169
0.301583
0.301743
0.301683
0.30194
0.302046
0.302
0.302063
0.30216
0.302136
0.302122
0.302166
0.302225
0.302298
0.302403
0.302695
0.302876
0.302868
0.302874
0.302898
0.303015
0.303147
0.303131
0.30333
0.303006
0.302089
0.302157
0.302325
0.30234
0.30243
0.302662
0.302052
0.301558
0.301762
0.301867
0.301849
0.301764
0.301609
0.301556
0.301548
0.301582
0.301635
0.301505
0.301483
0.301481
0.301465
0.301422
0.301427
0.301372
0.301338
0.30124
0.301314
0.301343
0.301348
0.301312
0.301512
0.301531
0.30166
0.301732
0.301854
0.301948
0.302086
0.302175
0.302246
0.302319
0.302342
0.302505
0.302555
0.302464
0.302496
0.302696
0.302607
0.302507
0.302502
0.302487
0.302509
0.302537
0.302639
0.302428
0.301948
0.301889
0.302026
0.302222
0.302154
0.30212
0.302128
0.302292
0.302409
0.302382
0.302375
0.302339
0.302332
0.302294
0.302427
0.302556
0.302689
0.302845
0.302843
0.302826
0.302838
0.302844
0.302921
0.302959
0.302926
0.302941
0.302971
0.303043
0.303002
0.303144
0.303096
0.302713
0.301975
0.301165
0.300455
0.300271
0.300217
0.30013
0.30005
0.299952
0.300044
0.299971
0.299891
0.299813
0.299794
0.299782
0.299672
0.299716
0.299744
0.299605
0.299588
0.299535
0.299556
0.29958
0.29956
0.299561
0.299443
0.299386
0.299405
0.299502
0.299527
0.299493
0.299487
0.299428
0.299422
0.299348
0.299378
0.299395
0.299409
0.299391
0.299363
0.299391
0.299347
0.299225
0.299197
0.299121
0.299153
0.299119
0.299127
0.299076
0.299137
0.299135
0.299194
0.299075
0.299117
0.298995
0.29902
0.299034
0.299133
0.299211
0.299284
0.299284
0.299203
0.299295
0.299331
0.299037
0.299037
0.298904
0.298921
0.298875
0.298968
0.298906
0.298931
0.299004
0.29899
0.299055
0.299037
0.299053
0.299004
0.298953
0.299108
0.298954
0.2989
0.298827
0.298795
0.298869
0.298844
0.298763
0.298805
0.298802
0.298705
0.298848
0.298781
0.298804
0.298748
0.298821
0.298919
0.298874
0.298826
0.298844
0.29885
0.298949
0.299032
0.29913
0.299143
0.299161
0.299321
0.299412
0.299452
0.299481
0.299447
0.29934
0.299348
0.299334
0.299322
0.29934
0.299311
0.299315
0.299299
0.299375
0.299344
0.29934
0.299346
0.299431
0.299393
0.29945
0.299572
0.299548
0.299573
0.29964
0.2996
0.299696
0.299663
0.299762
0.2998
0.299818
0.299778
0.29981
0.29984
0.299893
0.299918
0.299999
0.300033
0.300135
0.300096
0.300155
0.30027
0.300301
0.30034
0.300436
0.300372
0.300366
0.300374
0.300414
0.300436
0.300474
0.300551
0.300493
0.30052
0.300573
0.300597
0.300669
0.300677
0.300714
0.300713
0.300743
0.300784
0.300825
0.300828
0.300848
0.300866
0.300849
0.300909
0.300956
0.301055
0.301121
0.301117
0.301197
0.301116
0.301133
0.301196
0.301213
0.301194
0.301232
0.301284
0.301345
0.301416
0.301449
0.301478
0.301534
0.301578
0.30158
0.301762
0.301809
0.301865
0.30192
0.301961
0.301913
0.301891
0.301908
0.301903
0.30193
0.301978
0.30198
0.302011
0.302093
0.302159
0.302151
0.30224
0.302324
0.30235
0.302351
0.302361
0.302325
0.30236
0.302405
0.302372
0.302394
0.302425
0.302469
0.302402
0.302403
0.302499
0.302561
0.302549
0.30255
0.302519
0.302535
0.302477
0.302577
0.302582
0.302584
0.302685
0.302691
0.302741
0.302806
0.302832
0.302886
0.30299
0.303001
0.302958
0.303038
0.303081
0.302945
0.302931
0.302971
0.302965
0.302957
0.303043
0.303075
0.303162
0.302685
0.302495
0.302492
0.302489
0.302475
0.3025
0.302522
0.302552
0.302491
0.302518
0.302541
0.302595
0.302593
0.302651
0.302737
0.302785
0.30275
0.302834
0.302766
0.302891
0.302923
0.302861
0.302939
0.302965
0.30305
0.303068
0.303032
0.303094
0.303134
0.303152
0.303205
0.303241
0.303296
0.303364
0.303416
0.303495
0.303541
0.303475
0.303492
0.303466
0.303441
0.30344
0.30339
0.303228
0.30321
0.303174
0.30312
0.303182
0.303263
0.303297
0.303334
0.30331
0.303342
0.303382
0.303431
0.303517
0.303556
0.303427
0.303464
0.303483
0.303471
0.303408
0.30341
0.303384
0.303364
0.303378
0.303375
0.303353
0.303391
0.303427
0.303486
0.303549
0.303549
0.303571
0.303583
0.303617
0.303625
0.303685
0.303743
0.30377
0.303776
0.30382
0.303863
0.303852
0.303802
0.303833
0.303856
0.303719
0.303756
0.303746
0.303746
0.303827
0.303948
0.304004
0.304011
0.304077
0.304054
0.304044
0.304033
0.303928
0.303731
0.303761
0.303725
0.30374
0.303715
0.303745
0.303745
0.303784
0.303727
0.303728
0.30377
0.303731
0.303766
0.303824
0.303922
0.30394
0.303902
0.303931
0.30393
0.303924
0.303952
0.303982
0.304007
0.304032
0.304021
0.304055
0.304096
0.304131
0.304134
0.304142
0.304132
0.304176
0.304187
0.304193
0.304237
0.304313
0.304317
0.304289
0.30425
0.304299
0.304324
0.304386
0.304373
0.304461
0.304477
0.304458
0.304485
0.304487
0.304545
0.304547
0.304582
0.304591
0.304608
0.304605
0.304614
0.304645
0.304673
0.304723
0.304714
0.304735
0.304774
0.304851
0.3049
0.304878
0.304853
0.304845
0.3049
0.304927
0.3049
0.304916
0.304929
0.304958
0.305
0.305014
0.305052
0.305118
0.305118
0.305113
0.305224
0.30529
0.305305
0.305362
0.30542
0.305305
0.305402
0.305411
0.30538
0.305449
0.305455
0.305515
0.305532
0.305515
0.305539
0.305578
0.305639
0.305639
0.305607
0.305627
0.305678
0.305738
0.305738
0.305799
0.305813
0.305822
0.305882
0.305892
0.305954
0.305939
0.305962
0.306035
0.306103
0.306106
0.306116
0.306155
0.306192
0.306259
0.306338
0.306371
0.306411
0.306414
0.306437
0.306493
0.306532
0.306571
0.306536
0.306536
0.306567
0.306617
0.306659
0.30672
0.306764
0.306813
0.30683
0.306864
0.306857
0.306936
0.306978
0.307016
0.307041
0.307082
0.307096
0.307133
0.307188
0.307232
0.307279
0.307325
0.307365
0.307406
0.307446
0.30746
0.307521
0.307645
0.307738
0.307803
0.307838
0.307856
0.307879
0.30791
0.307913
0.307938
0.307982
0.308054
0.308086
0.308214
0.308235
0.30827
0.308353
0.308363
0.308402
0.308397
0.30839
0.308454
0.308311
0.308355
0.308371
0.308385
0.308459
0.308493
0.308494
0.308519
0.308545
0.308558
0.308611
0.308656
0.308691
0.308725
0.308758
0.308789
0.308809
0.308831
0.308856
0.308825
0.308824
0.308835
0.308841
0.308868
0.308935
0.308814
0.308872
0.308894
0.308932
0.308935
0.308635
0.308333
0.308339
0.308366
0.308372
0.308414
0.308432
0.308409
0.30844
0.308468
0.308473
0.3085
0.30855
0.308569
0.308584
0.30858
0.308538
0.308582
0.308568
0.308591
0.308622
0.308692
0.308722
0.308728
0.308756
0.308775
0.308799
0.308841
0.308877
0.308903
0.308922
0.30893
0.308922
0.308929
0.308971
0.308981
0.309042
0.30909
0.3088
0.308501
0.308387
0.308402
0.308436
0.308488
0.308539
0.308545
0.30863
0.308596
0.308557
0.308604
0.308627
0.308678
0.308733
0.308756
0.308804
0.3088
0.308783
