0
0.475538
0.374031
0.355731
0.364764
0.35234
0.349834
0.354839
0.356552
0.36271
0.362186
0.365442
0.36773
0.370711
0.37244
0.372267
0.375
0.378287
0.381119
0.384251
0.387178
0.390196
0.393256
0.3928
0.391049
0.392583
0.394464
0.3949
0.396226
0.393493
0.393148
0.393717
0.391891
0.392693
0.392582
0.39264
0.39323
0.393708
0.393829
0.394415
0.394449
0.394434
0.39506
0.396467
0.396701
0.396714
0.398571
0.39566
0.395226
0.395292
0.395537
0.39534
0.394824
0.3951
0.395079
0.394766
0.394886
0.395062
0.394989
0.394882
0.395287
0.394615
0.395067
0.39475
0.394799
0.39484
0.394399
0.394113
0.394696
0.394031
0.394097
0.393953
0.392489
0.392715
0.391883
0.391007
0.39123
0.391162
0.391397
0.391596
0.391954
0.39156
0.392015
0.391617
0.390249
0.389309
0.389345
0.388838
0.389166
0.389013
0.389008
0.389008
0.388767
0.388935
0.38783
0.387558
0.387711
0.387606
0.387369
0.387342
0.387062
0.387131
0.387463
0.388111
0.388353
0.388244
0.388329
0.388307
0.388222
0.388164
0.388101
0.388243
0.388138
0.388046
0.388332
0.388387
0.388224
0.388051
0.388336
0.388329
0.388358
0.388362
0.388729
0.389199
0.38927
0.389154
0.389506
0.389733
0.38979
0.390052
0.390107
0.390293
0.390436
0.390776
0.391154
0.391065
0.391223
0.391465
0.39175
0.391193
0.391269
0.391363
0.391362
0.391657
0.391775
0.392344
0.392518
0.392931
0.392896
0.39158
0.389124
0.389272
0.389238
0.389246
0.389289
0.389318
0.388788
0.388743
0.388527
0.388766
0.388662
0.389315
0.389112
0.388519
0.388821
0.388572
0.388349
0.38832
0.388294
0.388197
0.388098
0.388016
0.3879
0.387824
0.387966
0.387779
0.3875
0.387094
0.386872
0.386845
0.387085
0.387294
0.387289
0.387149
0.387199
0.387127
0.387186
0.38731
0.387195
0.387211
0.387036
0.387129
0.386888
0.386365
0.386464
0.386387
0.386551
0.386292
0.3863
0.386163
0.386047
0.386014
0.38612
0.386303
0.386385
0.38657
0.386472
0.386319
0.386327
0.386456
0.386624
0.386516
0.386458
0.386451
0.386543
0.386594
0.386605
0.386685
0.38656
0.38645
0.386317
0.38638
0.386336
0.386287
0.386288
0.386262
0.386302
0.386317
0.386308
0.386341
0.386439
0.38644
0.386424
0.386588
0.386614
0.386706
0.386817
0.386963
0.386812
0.386519
0.386381
0.386541
0.386553
0.386508
0.386091
0.386043
0.386021
0.386132
0.386333
0.386452
0.386379
0.386427
0.386341
0.386376
0.386605
0.386505
0.386435
0.386657
0.38661
0.386566
0.386348
0.386552
0.386674
0.386731
0.386755
0.386807
0.386887
0.387194
0.38732
0.387261
0.386907
0.386865
0.38694
0.386912
0.386993
0.386848
0.38698
0.386989
0.387115
0.387137
0.387154
0.387115
0.387067
0.387115
0.387227
0.387277
0.387255
0.387443
0.387487
0.387473
0.387585
0.387698
0.387726
0.387866
0.387922
0.388081
0.3883
0.388488
0.38861
0.388577
0.388727
0.388732
0.388853
0.388809
0.388728
0.388968
0.388552
0.387357
0.387287
0.387274
0.387268
0.387243
0.38739
0.38674
0.386174
0.386094
0.386125
0.386307
0.386344
0.386311
0.386514
0.386629
0.386767
0.386816
0.386867
0.386916
0.386829
0.386794
0.386752
0.386621
0.386582
0.386592
0.386705
0.386703
0.386554
0.386696
0.38671
0.386639
0.38671
0.386736
0.386659
0.386617
0.386592
0.386579
0.386677
0.386679
0.386798
0.386815
0.386807
0.386897
0.386838
0.386925
0.386965
0.386918
0.386914
0.387054
0.386976
0.387016
0.387038
0.387158
0.386866
0.386328
0.38636
0.386228
0.386224
0.386141
0.386121
0.386138
0.386238
0.386313
0.386321
0.386478
0.386491
0.386536
0.386616
0.386681
0.38664
0.386662
0.386725
0.386753
0.38684
0.386894
0.386791
0.386913
0.38683
0.386874
0.386808
0.386808
0.386828
0.386992
0.387154
0.387307
0.386808
0.385896
0.385099
0.384316
0.384306
0.384256
0.38424
0.384303
0.384287
0.384247
0.384149
0.384188
0.384142
0.384158
0.384152
0.38403
0.38414
0.384255
0.384238
0.384187
0.384212
0.384222
0.384239
0.384254
0.384192
0.38411
0.384105
0.384016
0.384014
0.383987
0.383945
0.383933
0.383906
0.383839
0.383644
0.383479
0.383541
0.383489
0.383494
0.383429
0.383282
0.383301
0.383321
0.383302
0.383235
0.383149
0.383163
0.383129
0.383066
0.383033
0.383003
0.383014
0.382992
0.383026
0.383012
0.383054
0.383178
0.383186
0.383183
0.38313
0.383191
0.38327
0.38323
0.383339
0.383056
0.383141
0.382939
0.3828
0.382774
0.382697
0.382614
0.382623
0.382703
0.382686
0.38273
0.38272
0.382713
0.382713
0.382801
0.382776
0.382843
0.382888
0.382849
0.382816
0.382894
0.382949
0.38297
0.382969
0.382944
0.382967
0.382958
0.382889
0.382884
0.382713
0.382752
0.382757
0.382733
0.382654
0.382699
0.382736
0.382824
0.382897
0.382878
0.382837
0.382881
0.38295
0.383012
0.383002
0.383037
0.382992
0.382966
0.382852
0.382868
0.382917
0.382923
0.382887
0.382989
0.383016
0.383003
0.383003
0.383002
0.383093
0.383114
0.383108
0.383217
0.383191
0.383191
0.383272
0.383238
0.383222
0.383207
0.383218
0.383159
0.383167
0.383095
0.383045
0.383068
0.383007
0.383047
0.38302
0.382986
0.383075
0.383172
0.383226
0.383166
0.383213
0.383251
0.383297
0.383329
0.383385
0.383438
0.383448
0.383458
0.383544
0.383569
0.383591
0.383615
0.383731
0.38384
0.383958
0.383994
0.38402
0.384011
0.383957
0.383998
0.383986
0.383997
0.383926
0.383949
0.383971
0.384021
0.384037
0.384059
0.383996
0.383988
0.383979
0.38408
0.384081
0.384072
0.384101
0.384115
0.383989
0.384015
0.384049
0.384094
0.384062
0.384056
0.384076
0.384123
0.384215
0.384259
0.38422
0.384323
0.384365
0.384462
0.38449
0.384431
0.384447
0.384528
0.384578
0.384572
0.384524
0.384583
0.384588
0.384573
0.384657
0.384688
0.384765
0.38476
0.384757
0.384992
0.384981
0.38497
0.384944
0.384989
0.385099
0.385104
0.3851
0.385132
0.38516
0.385193
0.385226
0.38529
0.385301
0.385365
0.385488
0.385523
0.385578
0.385542
0.385516
0.385593
0.385635
0.385659
0.385619
0.385727
0.385671
0.385769
0.385854
0.38586
0.385867
0.385949
0.386057
0.385991
0.386012
0.386035
0.386159
0.386252
0.38633
0.386353
0.386405
0.385872
0.385663
0.385725
0.3858
0.385817
0.385812
0.385869
0.385797
0.385854
0.385876
0.385946
0.385953
0.385919
0.385996
0.386035
0.386085
0.386107
0.386072
0.386034
0.386085
0.386094
0.386123
0.386119
0.386157
0.386131
0.386185
0.386231
0.38622
0.386242
0.386259
0.38629
0.386311
0.386332
0.386362
0.386426
0.386386
0.38637
0.386332
0.38644
0.386542
0.386488
0.386668
0.386723
0.386554
0.386625
0.386622
0.386592
0.386558
0.38652
0.386508
0.386525
0.386516
0.386539
0.386614
0.386682
0.386755
0.386861
0.386751
0.386737
0.386778
0.386796
0.386849
0.386877
0.386894
0.386896
0.386844
0.386886
0.386905
0.386912
0.387037
0.387059
0.387118
0.387143
0.38714
0.387181
0.387148
0.387177
0.387161
0.387206
0.387222
0.387272
0.387352
0.387332
0.387443
0.387437
0.38748
0.387467
0.387379
0.387439
0.387491
0.387491
0.387514
0.387596
0.387617
0.387574
0.387598
0.387583
0.3876
0.387619
0.387562
0.387354
0.38731
0.387387
0.387439
0.387478
0.387492
0.387498
0.387549
0.38764
0.38767
0.38767
0.38774
0.387739
0.387772
0.387816
0.387799
0.387763
0.387735
0.387721
0.38775
0.387803
0.387853
0.387842
0.38791
0.387971
0.387963
0.388006
0.388127
0.388142
0.388171
0.38819
0.388252
0.388261
0.388254
0.38825
0.388291
0.388331
0.388385
0.388392
0.38843
0.388369
0.388434
0.388433
0.388477
0.388445
0.388425
0.388509
0.388552
0.388538
0.388593
0.388698
0.38873
0.388742
0.388759
0.388836
0.388898
0.388923
0.388987
0.389024
0.38907
0.389047
0.389145
0.389134
0.389131
0.389151
0.389183
0.389223
0.38927
0.389312
0.389361
0.389415
0.389465
0.389531
0.389566
0.389577
0.389587
0.389555
0.389656
0.389638
0.389663
0.389673
0.389727
0.389697
0.389579
0.389646
0.389686
0.389673
0.389675
0.389763
0.389789
0.389847
0.389936
0.38992
0.389994
0.38999
0.390059
0.390078
0.390128
0.390157
0.390225
0.390217
0.390303
0.390413
0.390481
0.39056
0.390599
0.390637
0.390605
0.390652
0.390747
0.390754
0.390743
0.390834
0.390872
0.390842
0.390869
0.390881
0.390884
0.390942
0.390968
0.391029
0.391085
0.391091
0.391127
0.391118
0.391119
0.391159
0.391164
0.39122
0.391255
0.391295
0.391318
0.391313
0.391353
0.391372
0.391412
0.391404
0.391435
0.391476
0.391512
0.391517
0.391535
0.391566
0.39156
0.391602
0.391593
0.391623
0.391671
0.391627
0.391676
0.391709
0.391767
0.391799
0.391845
0.39185
0.391942
0.391927
0.391935
0.391996
0.392038
0.392166
0.392196
0.392227
0.392259
0.39232
0.392325
0.392377
0.392421
0.392419
0.392463
0.392424
0.392525
0.392414
0.392455
0.392457
0.392465
0.392501
0.392535
0.392585
0.392624
0.3927
0.392726
0.39266
0.39269
0.39269
0.392729
0.392734
0.392809
0.392926
0.392957
0.392981
0.393001
0.393032
0.393026
0.393102
0.393113
0.393107
0.392991
0.393029
0.393053
0.393111
0.39312
0.392791
0.392443
0.392445
0.392448
0.39243
0.392448
0.392496
0.39256
0.392609
0.392594
0.392636
0.392688
0.392751
0.392769
0.392763
0.3928
0.392779
0.39287
0.392871
0.392871
0.39288
0.39286
0.392869
0.392871
0.392851
0.392834
0.392849
0.392888
0.392861
0.392888
0.392888
0.392944
0.392967
0.39294
0.393013
0.393078
0.393138
0.393154
0.39279
0.392415
0.392291
0.392262
0.392289
0.392299
0.3923
0.39234
0.392337
0.392356
0.392363
0.392411
0.392483
0.392504
0.392538
0.392511
0.392541
0.392538
0.392536
