0.848665
0.837209
0.81384
0.807889
0.809982
0.804511
0.803618
0.8037
0.803076
0.807565
0.795678
0.78652
0.776413
0.765825
0.758621
0.753591
0.749737
0.745147
0.740566
0.737808
0.727956
0.72
0.714787
0.708219
0.700717
0.695101
0.689996
0.68569
0.681162
0.678518
0.672395
0.665111
0.658157
0.65264
0.646543
0.642342
0.634636
0.63037
0.62648
0.623444
0.617574
0.613235
0.6081
0.6043
0.599577
0.595255
0.591473
0.586849
0.584433
0.580488
0.576089
0.57192
0.568207
0.563814
0.55908
0.555911
0.551956
0.548777
0.545436
0.542212
0.539599
0.535547
0.53283
0.530371
0.526485
0.523971
0.520519
0.517998
0.515848
0.513043
0.511634
0.509164
0.506953
0.503503
0.50116
0.500119
0.498108
0.496169
0.494123
0.492298
0.491219
0.490009
0.488935
0.485675
0.48444
0.484034
0.483273
0.48221
0.481918
0.480693
0.480831
0.480589
0.480398
0.480318
0.479867
0.480035
0.479839
0.479739
0.479848
0.479897
0.479485
0.479496
0.479545
0.479831
0.479631
0.479487
0.479686
0.479716
0.479976
0.480439
0.480617
0.480804
0.480695
0.480518
0.480607
0.480799
0.481159
0.481288
0.481265
0.481396
0.481801
0.482013
0.482139
0.482623
0.482651
0.482759
0.483023
0.483032
0.482452
0.482708
0.482769
0.482907
0.483293
0.483259
0.483544
0.483678
0.483735
0.483159
0.480911
0.477639
0.477058
0.476246
0.475689
0.475506
0.474987
0.473827
0.473336
0.472925
0.472595
0.472191
0.472191
0.471809
0.470826
0.470273
0.469952
0.469673
0.469116
0.468432
0.467988
0.467627
0.467166
0.466568
0.465856
0.465379
0.46498
0.464528
0.463667
0.463243
0.462563
0.462332
0.461978
0.461883
0.461496
0.460856
0.46081
0.460631
0.460629
0.460185
0.459811
0.459198
0.458992
0.458477
0.457705
0.457461
0.456824
0.456494
0.455784
0.455378
0.454586
0.454518
0.454543
0.454055
0.453822
0.453814
0.453621
0.453111
0.452923
0.452744
0.45269
0.452253
0.451539
0.451356
0.451392
0.451167
0.451018
0.450488
0.450243
0.450079
0.449776
0.44945
0.449276
0.449169
0.448717
0.44843
0.447978
0.447659
0.447489
0.447276
0.447035
0.446632
0.446155
0.446038
0.446129
0.445962
0.445585
0.445374
0.445282
0.445163
0.444953
0.444679
0.444462
0.444277
0.444064
0.443611
0.443317
0.442949
0.442732
0.442589
0.442409
0.442102
0.442065
0.442192
0.442242
0.442401
0.442504
0.442694
0.442919
0.442986
0.44314
0.442991
0.44296
0.443069
0.443239
0.443396
0.443455
0.443502
0.443533
0.443602
0.443616
0.443407
0.443448
0.443274
0.443247
0.443347
0.443044
0.443037
0.442829
0.442721
0.442742
0.442913
0.44295
0.442974
0.443043
0.442975
0.443102
0.442963
0.443063
0.44295
0.442826
0.442926
0.443031
0.442941
0.442868
0.443007
0.443072
0.443162
0.443072
0.443027
0.443126
0.443009
0.442986
0.442834
0.44282
0.442623
0.442701
0.442163
0.440821
0.440913
0.440948
0.440969
0.441083
0.4412
0.440186
0.439522
0.439595
0.439519
0.439433
0.439423
0.439451
0.439596
0.439734
0.439859
0.439933
0.439855
0.439994
0.440254
0.440244
0.440278
0.440323
0.440329
0.440519
0.440703
0.440833
0.44085
0.440864
0.440934
0.44092
0.440869
0.440925
0.440936
0.44111
0.441132
0.441242
0.441389
0.441538
0.441698
0.44185
0.442006
0.442091
0.442093
0.442178
0.442296
0.442311
0.442399
0.442533
0.44262
0.442592
0.442485
0.442471
0.442076
0.44135
0.44144
0.441555
0.441395
0.441286
0.441179
0.441141
0.441208
0.441281
0.441198
0.441256
0.441203
0.441214
0.441296
0.441322
0.441326
0.441415
0.441515
0.441535
0.44165
0.441799
0.441718
0.441778
0.441837
0.441913
0.441926
0.442
0.442035
0.441989
0.44217
0.442324
0.441595
0.440493
0.43933
0.438355
0.438334
0.438443
0.438515
0.438362
0.438384
0.438512
0.438403
0.43849
0.43842
0.438493
0.438538
0.43858
0.438573
0.438665
0.438598
0.438665
0.438621
0.438735
0.43873
0.438779
0.438791
0.438747
0.438877
0.438891
0.439065
0.439076
0.438962
0.439019
0.439121
0.439121
0.438984
0.438975
0.439115
0.439129
0.439199
0.439201
0.439298
0.439232
0.439202
0.439172
0.438973
0.438856
0.438883
0.438944
0.438975
0.439072
0.43896
0.438975
0.43901
0.438984
0.43903
0.438979
0.438997
0.438976
0.43893
0.439056
0.438958
0.438979
0.438939
0.43902
0.438791
0.43879
0.43867
0.438597
0.438603
0.438786
0.438796
0.438916
0.438984
0.439106
0.439099
0.439203
0.439321
0.439368
0.439604
0.439802
0.439907
0.440021
0.440125
0.440311
0.440346
0.440477
0.440557
0.440512
0.440541
0.440525
0.440582
0.440533
0.440629
0.440647
0.440708
0.440829
0.440893
0.441049
0.441218
0.441318
0.441342
0.441463
0.441485
0.441474
0.441542
0.441494
0.441573
0.441608
0.441657
0.44174
0.44176
0.441793
0.441859
0.441935
0.442092
0.442125
0.44228
0.442301
0.442403
0.442464
0.442595
0.442678
0.44269
0.442809
0.442885
0.442986
0.443061
0.443109
0.443286
0.443448
0.443602
0.443696
0.443757
0.443836
0.443764
0.44368
0.443784
0.443718
0.443821
0.443923
0.443962
0.443996
0.444185
0.444254
0.44437
0.444346
0.444372
0.44445
0.444591
0.444732
0.444854
0.444918
0.444921
0.445033
0.445081
0.44518
0.445138
0.445243
0.445261
0.44539
0.445458
0.445575
0.445699
0.445775
0.445825
0.44588
0.445906
0.445941
0.445965
0.446059
0.446203
0.446291
0.44636
0.446368
0.44647
0.446527
0.446645
0.44668
0.446764
0.446873
0.447001
0.447007
0.447077
0.447127
0.447182
0.447292
0.447397
0.447434
0.447508
0.447618
0.447715
0.447725
0.447894
0.447873
0.447992
0.448113
0.448172
0.448212
0.448298
0.448267
0.448428
0.448529
0.448501
0.44852
0.448586
0.448639
0.448822
0.448954
0.448985
0.449033
0.449145
0.449191
0.449344
0.449378
0.449492
0.449478
0.449517
0.449572
0.449695
0.449794
0.449827
0.449875
0.449998
0.449958
0.45003
0.450082
0.450113
0.450211
0.450281
0.450364
0.45035
0.450349
0.450398
0.450354
0.450314
0.450464
0.450484
0.450542
0.450633
0.450618
0.450675
0.450782
0.450581
0.450552
0.450642
0.450746
0.450823
0.450837
0.450894
0.450975
0.450352
0.449999
0.450024
0.450021
0.450077
0.450059
0.450116
0.450136
0.450317
0.450351
0.450415
0.450446
0.450502
0.450636
0.450723
0.450795
0.450842
0.450937
0.451018
0.4511
0.451154
0.451179
0.451191
0.451202
0.451288
0.451281
0.451194
0.451176
0.451205
0.451267
0.451298
0.451369
0.451341
0.451331
0.451339
0.451342
0.451274
0.451134
0.451095
0.451201
0.451198
0.451315
0.451384
0.451232
0.451293
0.451356
0.45134
0.451399
0.451445
0.451508
0.451532
0.45144
0.451371
0.451409
0.451534
0.451578
0.451622
0.451373
0.451418
0.451443
0.451527
0.451591
0.451691
0.451732
0.451776
0.451784
0.451767
0.451768
0.45185
0.451901
0.451991
0.452074
0.452124
0.452148
0.452217
0.452235
0.452271
0.452254
0.452393
0.452492
0.452485
0.452533
0.452563
0.452606
0.452678
0.452757
0.452841
0.452707
0.452775
0.452873
0.452937
0.452906
0.452943
0.45303
0.453033
0.45308
0.453164
0.453155
0.453195
0.453083
0.452824
0.452845
0.452834
0.452873
0.452868
0.452879
0.452878
0.453017
0.453032
0.453067
0.453153
0.453187
0.453213
0.453351
0.453369
0.453425
0.453413
0.453422
0.45349
0.453579
0.453648
0.45376
0.453807
0.453855
0.453968
0.45404
0.454138
0.454236
0.454259
0.454272
0.454267
0.454352
0.454482
0.454473
0.454494
0.454533
0.454613
0.454649
0.454738
0.454795
0.454855
0.454889
0.454962
0.455049
0.455082
0.455106
0.455202
0.455329
0.455347
0.455415
0.45551
0.455552
0.455554
0.455556
0.455688
0.455703
0.455695
0.455811
0.455878
0.455988
0.456148
0.456258
0.456275
0.456275
0.456246
0.456314
0.456378
0.456457
0.456457
0.456529
0.456594
0.45662
0.456602
0.456639
0.456662
0.456727
0.456732
0.456846
0.456908
0.456937
0.456993
0.457024
0.457064
0.456879
0.456923
0.456904
0.456839
0.456877
0.456904
0.456902
0.456947
0.456945
0.456951
0.45699
0.457029
0.457096
0.457107
0.457169
0.457199
0.457185
0.457192
0.457279
0.457334
0.457433
0.457539
0.457603
0.45762
0.45762
0.457667
0.457688
0.457725
0.457754
0.457773
0.457781
0.45789
0.457882
0.457956
0.457964
0.45797
0.457996
0.458054
0.458104
0.458122
0.458176
0.458112
0.458141
0.458189
0.458219
0.458271
0.458359
0.458371
0.458464
0.458499
0.458539
0.458585
0.458605
0.458597
0.458703
0.45874
0.45876
0.45884
0.458911
0.458915
0.458942
0.458984
0.458983
0.459037
0.459085
0.459096
0.459098
0.459133
0.459173
0.459174
0.45921
0.459239
0.45928
0.459346
0.459359
0.459384
0.459419
0.459464
0.459479
0.459469
0.459513
0.459561
0.459637
0.459677
0.459741
0.459819
0.45985
0.459881
0.459908
0.459686
0.459681
0.459686
0.459752
0.45985
0.459903
0.459943
0.459976
0.460085
0.460128
0.460059
0.460095
0.460144
0.460134
0.460184
0.460189
0.460194
0.460236
0.460201
0.460185
0.460196
0.460196
0.460234
0.460277
0.460332
0.460148
0.460129
0.460246
0.460337
0.460378
0.45986
0.459359
0.459346
0.45939
0.459448
0.459466
0.459561
0.459603
0.45967
0.459694
0.459668
0.459701
0.459739
0.459679
0.459672
0.459706
0.459685
0.459689
0.459705
0.459719
0.459752
0.459721
0.459752
0.459774
0.459828
0.459889
0.459948
0.459978
0.45993
0.459946
0.459977
0.460014
0.459996
0.460042
0.460052
0.460044
0.460073
0.460097
0.459662
0.459223
0.459074
0.459129
0.459155
0.459161
0.459183
0.459241
0.459318
0.459309
0.459304
0.4593
0.459439
0.459514
0.459566
0.459613
0.459662
0.459714
0.459737
