0
0.242485
0.309
0.339357
0.358821
0.370504
0.393858
0.398464
0.403178
0.407965
0.415132
0.416464
0.416798
0.419189
0.421755
0.424806
0.428571
0.429672
0.431992
0.436107
0.437084
0.436353
0.438716
0.438841
0.437999
0.434671
0.432507
0.430228
0.430805
0.428995
0.427687
0.427137
0.426283
0.425164
0.424429
0.422158
0.421893
0.42251
0.421611
0.420992
0.420113
0.420486
0.419572
0.418903
0.418924
0.418627
0.418557
0.418427
0.417678
0.417037
0.416024
0.416446
0.416163
0.416014
0.415656
0.415668
0.416033
0.415636
0.415241
0.415232
0.414178
0.413656
0.413504
0.412616
0.412416
0.411785
0.411575
0.410442
0.410901
0.410103
0.409288
0.40931
0.408996
0.408374
0.407358
0.407141
0.406478
0.406081
0.405547
0.405196
0.404927
0.404106
0.403975
0.403665
0.403182
0.402167
0.402208
0.401944
0.401339
0.401274
0.400841
0.399907
0.398027
0.397748
0.397187
0.397071
0.39644
0.395989
0.396097
0.395551
0.394768
0.3941
0.393797
0.393809
0.393705
0.39337
0.393076
0.393077
0.392685
0.392153
0.392131
0.392073
0.391952
0.392008
0.391389
0.391638
0.391608
0.391571
0.391299
0.391146
0.391454
0.391686
0.392139
0.392158
0.39204
0.391766
0.391887
0.391913
0.39181
0.391777
0.391604
0.391573
0.391612
0.391085
0.39097
0.391131
0.390948
0.390657
0.390354
0.390501
0.390683
0.390638
0.390435
0.390442
0.390548
0.39057
0.390492
0.390685
0.391078
0.390876
0.3907
0.390659
0.390705
0.390494
0.390633
0.390682
0.390887
0.391084
0.390983
0.391348
0.391275
0.391166
0.391383
0.391646
0.391627
0.391605
0.391631
0.391598
0.391562
0.391927
0.391846
0.391989
0.391954
0.391987
0.392106
0.391944
0.392083
0.392113
0.392397
0.392379
0.392213
0.392026
0.391958
0.39192
0.392185
0.392451
0.392319
0.392341
0.392315
0.392062
0.392261
0.392168
0.392279
0.392416
0.392765
0.392772
0.392743
0.3924
0.392615
0.392558
0.3926
0.392768
0.392946
0.392801
0.392969
0.393023
0.392587
0.392441
0.392542
0.392661
0.392689
0.39276
0.392855
0.392658
0.392563
0.392347
0.392315
0.392331
0.391991
0.392019
0.392058
0.392171
0.392299
0.392282
0.392383
0.392503
0.392773
0.393006
0.393114
0.393168
0.393249
0.393162
0.393163
0.393063
0.393002
0.39312
0.392944
0.392872
0.392935
0.393045
0.39326
0.39334
0.393217
0.393264
0.393472
0.393635
0.393716
0.393817
0.393813
0.393949
0.393985
0.394072
0.39423
0.394333
0.394202
0.394193
0.394334
0.394415
0.394481
0.394538
0.394767
0.394949
0.394809
0.394774
0.394861
0.395013
0.395198
0.395189
0.39538
0.395537
0.395812
0.395733
0.395708
0.395742
0.395991
0.396084
0.396146
0.396172
0.396433
0.39641
0.396489
0.396449
0.396423
0.396496
0.396502
0.396301
0.396291
0.396417
0.396548
0.396057
0.396198
0.396203
0.396373
0.396349
0.396386
0.396582
0.396653
0.396543
0.396669
0.396571
0.396776
0.396868
0.396802
0.396882
0.397107
0.396988
0.397034
0.396998
0.39703
0.397042
0.397085
0.397159
0.397164
0.397202
0.397154
0.397212
0.397312
0.397359
0.3973
0.397397
0.397509
0.3975
0.397533
0.397473
0.397431
0.397537
0.397604
0.39767
0.39772
0.397699
0.397672
0.397682
0.397742
0.397916
0.398124
0.398202
0.398245
0.398342
0.398466
0.398475
0.398415
0.398343
0.398441
0.398504
0.3984
0.398413
0.398245
0.398216
0.398222
0.398239
0.398393
0.398568
0.398473
0.398412
0.398478
0.398492
0.398671
0.39865
0.398574
0.398622
0.398646
0.398587
0.398632
0.398706
0.398673
0.398782
0.398797
0.398833
0.398717
0.398701
0.398788
0.398703
0.398778
0.398704
0.398801
0.39881
0.398887
0.398876
0.398821
0.398824
0.398807
0.398857
0.398911
0.398994
0.399078
0.399208
0.399333
0.399527
0.399603
0.399562
0.399664
0.399762
0.399795
0.399845
0.399925
0.399913
0.40001
0.400078
0.400127
0.399984
0.399981
0.400003
0.400146
0.400138
0.400133
0.400157
0.399246
0.398279
0.397399
0.396504
0.395507
0.395105
0.394979
0.394955
0.394768
0.394621
0.39446
0.39435
0.394196
0.393977
0.393922
0.393882
0.393721
0.393434
0.393404
0.393316
0.393138
0.393101
0.392892
0.392709
0.392515
0.392404
0.392295
0.392126
0.392021
0.391944
0.391714
0.39139
0.391395
0.391266
0.391114
0.391019
0.390928
0.390803
0.390657
0.39057
0.390281
0.390015
0.389926
0.389867
0.389739
0.389643
0.389523
0.389498
0.38931
0.389182
0.389074
0.388942
0.388822
0.388762
0.388689
0.388566
0.388505
0.388417
0.388447
0.388462
0.388497
0.38849
0.388343
0.388206
0.388151
0.388023
0.387991
0.387827
0.387748
0.387678
0.387265
0.387277
0.387161
0.387182
0.387148
0.387069
0.387003
0.386876
0.386737
0.386638
0.386508
0.386466
0.386406
0.386377
0.386302
0.386225
0.386143
0.385997
0.385875
0.385785
0.385699
0.385726
0.38564
0.385467
0.385374
0.385238
0.385166
0.384917
0.384827
0.384698
0.384628
0.384563
0.384553
0.384506
0.384339
0.384256
0.384197
0.384149
0.384053
0.383899
0.383755
0.383697
0.383673
0.383559
0.383463
0.383465
0.38344
0.383328
0.383221
0.383074
0.383016
0.382874
0.38281
0.38274
0.382692
0.38269
0.382588
0.3825
0.382392
0.382428
0.38236
0.38234
0.382328
0.382346
0.382365
0.382337
0.382295
0.382221
0.382127
0.38202
0.382026
0.381906
0.381876
0.38182
0.381834
0.381835
0.381766
0.381489
0.381488
0.3814
0.381406
0.381394
0.381473
0.381436
0.381347
0.381394
0.381316
0.38115
0.38064
0.380547
0.380396
0.380339
0.380323
0.380258
0.380203
0.38018
0.380148
0.380028
0.379937
0.379852
0.379779
0.37978
0.379709
0.379702
0.379649
0.379561
0.379508
0.379536
0.379389
0.379317
0.379323
0.379297
0.379217
0.379258
0.379245
0.379178
0.379113
0.379111
0.379002
0.378951
0.378839
0.378691
0.37861
0.378559
0.378188
0.377978
0.377897
0.377762
0.377602
0.377605
0.37752
0.377445
0.377352
0.37707
0.376795
0.376635
0.376542
0.3765
0.376386
0.376337
0.376266
0.37622
0.376181
0.376156
0.376112
0.375996
0.375874
0.375787
0.375683
0.375677
0.375642
0.375645
0.375582
0.375615
0.375583
0.375557
0.375541
0.375485
0.375447
0.375374
0.375295
0.375281
0.375208
0.375161
0.375089
0.375083
0.375034
0.374905
0.374878
0.374837
0.374788
0.374731
0.374693
0.374648
0.374564
0.37451
0.374435
0.374396
0.374303
0.374274
0.374171
0.373952
0.37401
0.373892
0.373745
0.373685
0.37365
0.373601
0.37346
0.37336
0.373224
0.373162
0.37314
0.373157
0.373082
0.37306
0.372999
0.372917
0.372844
0.372828
0.372709
0.37268
0.372648
0.372575
0.372474
0.37245
0.372402
0.372313
0.372281
0.372206
0.372169
0.372138
0.372082
0.372017
0.372033
0.372017
0.371913
0.37187
0.371782
0.371752
0.371699
0.371699
0.371708
0.371657
0.371589
0.371532
0.371536
0.371449
0.371411
0.371284
0.371193
0.371121
0.371057
0.370964
0.370879
0.370526
0.370457
0.370315
0.370289
0.370255
0.37019
0.370202
0.37017
0.370121
0.370031
0.369903
0.369798
0.369762
0.369784
0.369751
0.369651
0.369642
0.369598
0.369543
0.3695
0.369396
0.369354
0.369381
0.369332
0.369157
0.369058
0.368969
0.368953
0.368947
0.368903
0.368825
0.368809
0.368745
0.368733
0.368685
0.368681
0.368498
0.368301
0.368257
0.368243
0.368149
0.368097
0.368088
0.368127
0.368078
0.368066
0.368018
0.368009
0.367974
0.367956
0.367884
0.367817
0.367816
0.367772
0.367764
0.367686
0.367631
0.367597
0.367535
0.36745
0.367494
0.367472
0.367443
0.367474
0.367417
0.367434
0.367374
0.367351
0.367338
0.3673
0.367243
0.367141
0.367094
0.36714
0.367152
0.367047
0.366984
0.366969
0.36699
0.366985
0.367041
0.366967
0.366914
0.366933
0.366874
0.366855
0.366822
0.366826
0.36675
0.36672
0.366699
0.366673
0.366614
0.366633
0.366617
0.366613
0.36658
0.366512
0.366516
0.366454
0.366399
0.36636
0.366338
0.366303
0.366273
0.366235
0.366199
0.366158
0.366084
0.366025
0.365978
0.365922
0.365911
0.36587
0.365841
0.365829
0.365814
0.36579
0.365761
0.365716
0.365683
0.365659
0.365693
0.365655
0.365607
0.365617
0.365533
0.365463
0.365415
0.365397
0.365395
0.36534
0.365338
0.365327
0.365319
0.365313
0.365263
0.365334
0.365277
0.365198
0.365149
0.365092
0.36512
0.365048
0.365029
0.365035
0.364987
0.364981
0.364957
0.364977
0.364929
0.364874
0.364894
0.364853
0.364799
0.364785
0.364745
0.364719
0.364675
0.364619
0.364629
0.36462
0.36456
0.364549
0.364512
0.364471
0.364458
0.36446
0.364486
0.364471
0.364431
0.36447
0.364466
0.364388
0.364326
0.364286
0.364289
0.364271
0.364238
0.3642
0.364156
0.364132
0.364183
0.364174
0.364156
0.364144
0.364182
0.364068
0.364002
0.364026
0.363915
0.363873
0.363895
0.363879
0.363864
0.36385
0.363836
0.363794
0.36378
0.363775
0.363742
0.363688
0.363687
0.363685
0.363615
0.363591
0.363589
0.363511
0.363505
0.363432
0.363373
0.363318
0.363313
0.363325
0.363304
0.363327
0.363325
0.363272
0.363285
0.363266
0.36326
0.363237
0.363179
0.363191
0.363146
0.363125
0.363153
0.36315
0.363103
0.363091
0.363051
0.363044
0.363008
0.362862
0.362834
0.362841
0.362812
0.362849
0.362872
0.362856
0.362862
0.362847
0.362826
0.362838
0.36279
0.362764
0.362784
0.362766
0.362766
0.362751
0.362719
0.362728
0.362729
0.362693
0.362609
0.362601
0.362627
0.362642
0.362669
0.362612
0.362587
0.362546
0.362532
0.362507
0.362514
0.362559
0.362542
0.362474
0.362494
0.362449
0.362528
0.362517
0.362511
0.362505
0.362504
0.362482
0.362424
0.362428
0.362466
0.362507
0.362495
0.362488
0.362451
0.362439
0.362456
0.362406
0.362398
0.362419
0.362219
0.362162
