0
0.516966
0.478
0.494688
0.497749
0.498799
0.505326
0.509759
0.517372
0.521205
0.52518
0.529312
0.532826
0.533746
0.537476
0.538334
0.538836
0.541963
0.541319
0.542476
0.54313
0.542857
0.544051
0.543807
0.541258
0.539115
0.538417
0.536309
0.534328
0.532146
0.53071
0.529863
0.528777
0.529183
0.528495
0.526672
0.525037
0.523533
0.522649
0.523705
0.52328
0.52346
0.522726
0.521106
0.521283
0.521702
0.521572
0.521572
0.519236
0.518289
0.51822
0.517784
0.51723
0.517478
0.517414
0.517378
0.517752
0.517434
0.517136
0.516354
0.515606
0.51479
0.514024
0.512905
0.512183
0.511576
0.511195
0.51069
0.510401
0.510165
0.510281
0.50917
0.508741
0.508159
0.507024
0.506764
0.506637
0.506445
0.505308
0.504937
0.50493
0.503649
0.503207
0.503222
0.503068
0.502129
0.501344
0.50082
0.50013
0.499759
0.49884
0.498506
0.496546
0.496322
0.495325
0.494844
0.494687
0.494679
0.494111
0.49389
0.493521
0.492987
0.4929
0.492351
0.492107
0.49226
0.492011
0.492055
0.49169
0.491542
0.491525
0.491532
0.491113
0.490753
0.490326
0.490765
0.490943
0.490744
0.490513
0.49036
0.489659
0.489602
0.489615
0.489358
0.489159
0.489023
0.488736
0.488485
0.488329
0.488222
0.488078
0.488138
0.487928
0.487998
0.488179
0.488048
0.487886
0.487848
0.487734
0.487592
0.487652
0.487707
0.487334
0.487351
0.486978
0.486761
0.486592
0.486645
0.48686
0.486633
0.486428
0.486186
0.486316
0.486634
0.48636
0.485885
0.485898
0.486102
0.486012
0.486398
0.486426
0.486834
0.486793
0.486717
0.486743
0.486804
0.486974
0.486927
0.487063
0.487042
0.487099
0.487125
0.487194
0.487205
0.487114
0.487272
0.487264
0.487335
0.48743
0.487335
0.487344
0.487259
0.487453
0.487199
0.487039
0.487001
0.487129
0.48715
0.487358
0.487367
0.48757
0.487597
0.487537
0.487692
0.48781
0.487746
0.487665
0.487694
0.487498
0.487591
0.487671
0.487681
0.487776
0.487828
0.487779
0.487645
0.487179
0.486905
0.486701
0.486619
0.486541
0.486532
0.486488
0.48658
0.486601
0.486573
0.486593
0.48673
0.486688
0.486865
0.486846
0.486942
0.486868
0.486957
0.486993
0.486988
0.486772
0.486703
0.486487
0.486301
0.486305
0.486321
0.486334
0.486206
0.486336
0.486324
0.486159
0.486301
0.486481
0.486475
0.486472
0.486357
0.486272
0.486311
0.486118
0.486143
0.486303
0.486306
0.486345
0.48622
0.486129
0.486311
0.486562
0.486514
0.486939
0.486905
0.486963
0.486968
0.48712
0.487141
0.487266
0.487414
0.487587
0.487641
0.487555
0.487596
0.487654
0.487512
0.48757
0.487385
0.48745
0.487385
0.487481
0.487569
0.487667
0.487679
0.487628
0.487515
0.487485
0.487593
0.487753
0.487727
0.487725
0.487784
0.488002
0.488049
0.488142
0.488206
0.488334
0.488186
0.488223
0.488262
0.488315
0.48833
0.488338
0.488387
0.48842
0.488458
0.48858
0.488697
0.488719
0.488803
0.488711
0.488791
0.488857
0.488764
0.488815
0.488898
0.489012
0.489103
0.48925
0.489382
0.489432
0.489481
0.489562
0.489582
0.48962
0.489548
0.489549
0.489618
0.489655
0.489814
0.489776
0.489785
0.489915
0.489714
0.489688
0.489748
0.489824
0.489858
0.489986
0.490011
0.490003
0.489986
0.490025
0.490132
0.490136
0.490216
0.490225
0.4903
0.490454
0.49044
0.49043
0.490738
0.490916
0.490896
0.490819
0.490826
0.490773
0.490853
0.490786
0.490864
0.490947
0.491053
0.491117
0.491155
0.491222
0.491388
0.491536
0.491526
0.491505
0.491437
0.491586
0.491601
0.491705
0.491878
0.491896
0.491914
0.491883
0.491916
0.492027
0.492016
0.492233
0.492304
0.492323
0.492408
0.492496
0.492509
0.492634
0.492746
0.492863
0.492962
0.492956
0.492892
0.492885
0.493026
0.493102
0.492845
0.492954
0.493002
0.493087
0.492998
0.493137
0.493188
0.49316
0.493204
0.493218
0.493164
0.493059
0.493044
0.493021
0.493068
0.493093
0.493214
0.493325
0.493421
0.4925
0.49135
0.49007
0.489019
0.488056
0.487489
0.48743
0.487405
0.487262
0.487163
0.487138
0.487058
0.486895
0.486728
0.486616
0.486519
0.486302
0.486196
0.48604
0.485902
0.485773
0.485668
0.485477
0.485281
0.485152
0.485071
0.48501
0.484993
0.484776
0.484552
0.484318
0.483978
0.48388
0.483837
0.483769
0.483731
0.483592
0.483449
0.483136
0.482972
0.482799
0.482499
0.482458
0.482334
0.482309
0.482262
0.482096
0.482006
0.481874
0.48173
0.481585
0.481402
0.481339
0.481271
0.481172
0.481035
0.480992
0.480854
0.480738
0.480622
0.480623
0.480541
0.480283
0.480227
0.48026
0.480108
0.480162
0.480148
0.47996
0.479915
0.479358
0.479313
0.479154
0.479142
0.478936
0.478767
0.478671
0.478598
0.478532
0.478347
0.478233
0.478217
0.478183
0.478121
0.478046
0.477971
0.477919
0.477848
0.47769
0.47764
0.477503
0.477393
0.477065
0.476842
0.47679
0.476666
0.47655
0.476246
0.476073
0.47596
0.475837
0.475745
0.475641
0.475485
0.475289
0.47521
0.475131
0.475026
0.474854
0.474781
0.474768
0.474743
0.474702
0.474644
0.474607
0.474496
0.47447
0.474381
0.474275
0.474192
0.474092
0.473909
0.473877
0.47378
0.473713
0.473657
0.473601
0.473544
0.473522
0.473506
0.473446
0.47341
0.473422
0.4735
0.473429
0.473387
0.473387
0.473227
0.473066
0.472995
0.472878
0.472779
0.472589
0.472595
0.472495
0.472466
0.47244
0.47216
0.472079
0.471966
0.471902
0.47184
0.471823
0.471715
0.471745
0.471701
0.471616
0.471381
0.470793
0.470722
0.470694
0.470609
0.470449
0.470393
0.470269
0.47023
0.470198
0.470152
0.469998
0.469914
0.469872
0.46982
0.469784
0.469725
0.469678
0.469628
0.469622
0.469568
0.469546
0.469513
0.469439
0.469318
0.469173
0.469176
0.469004
0.468926
0.468898
0.468839
0.468866
0.468829
0.468765
0.468727
0.468645
0.468624
0.468199
0.467902
0.467692
0.467608
0.467503
0.467434
0.467385
0.467315
0.467184
0.466941
0.466639
0.466547
0.466538
0.466517
0.466409
0.466408
0.466298
0.466273
0.46622
0.46622
0.466136
0.46614
0.466108
0.466054
0.466023
0.465985
0.465918
0.46578
0.465718
0.465611
0.465587
0.465613
0.465509
0.465476
0.465416
0.465327
0.465284
0.465187
0.465133
0.465081
0.465072
0.465018
0.464883
0.464853
0.464792
0.464725
0.464663
0.464643
0.464583
0.464534
0.464446
0.464414
0.464365
0.464253
0.464206
0.464205
0.464132
0.463924
0.463887
0.463798
0.463615
0.463533
0.463372
0.463353
0.463201
0.463047
0.46299
0.462907
0.462857
0.462805
0.462696
0.462715
0.462649
0.462652
0.462583
0.462545
0.462528
0.462488
0.462472
0.462418
0.462374
0.462418
0.462418
0.462322
0.46229
0.462224
0.462172
0.462074
0.462011
0.462011
0.461971
0.461915
0.461845
0.461823
0.461764
0.461722
0.461726
0.461587
0.461541
0.461447
0.461374
0.461407
0.461315
0.461241
0.461144
0.460962
0.460907
0.460846
0.460797
0.460653
0.460633
0.460272
0.460177
0.460131
0.460108
0.46012
0.460083
0.460001
0.459925
0.459877
0.459799
0.459692
0.459541
0.459489
0.459504
0.459469
0.459418
0.459343
0.459278
0.459232
0.459219
0.459087
0.459064
0.459013
0.459007
0.458797
0.458717
0.45868
0.458591
0.458508
0.458434
0.45839
0.458434
0.458435
0.458403
0.458412
0.458366
0.458148
0.457914
0.457899
0.457883
0.457828
0.457808
0.457731
0.457775
0.45773
0.457677
0.457617
0.457542
0.457521
0.457462
0.457415
0.457391
0.457347
0.45733
0.457326
0.457272
0.457213
0.45711
0.457066
0.457034
0.456943
0.456844
0.456823
0.456802
0.456769
0.456704
0.456714
0.456737
0.456639
0.456622
0.456603
0.456517
0.456456
0.456436
0.456422
0.45638
0.456319
0.456313
0.456248
0.456231
0.456185
0.456139
0.45603
0.455977
0.455915
0.455863
0.455811
0.455785
0.455755
0.455721
0.455703
0.455706
0.455621
0.455552
0.455557
0.455446
0.455433
0.455357
0.455275
0.455278
0.455269
0.455214
0.45521
0.455148
0.455099
0.45507
0.454988
0.454891
0.454844
0.45476
0.45475
0.454726
0.454698
0.454682
0.454651
0.45465
0.454677
0.454642
0.454625
0.454563
0.454513
0.454501
0.454458
0.454422
0.454401
0.454351
0.454325
0.454273
0.454223
0.454203
0.45421
0.454133
0.454038
0.454036
0.454037
0.453957
0.453954
0.453968
0.453946
0.453881
0.453869
0.45388
0.45386
0.453814
0.45378
0.453795
0.453771
0.453741
0.453737
0.453741
0.45379
0.453774
0.453717
0.453692
0.453692
0.453721
0.453695
0.453701
0.453664
0.453658
0.453686
0.453676
0.453656
0.453609
0.453584
0.453539
0.453496
0.453476
0.453496
0.453516
0.453495
0.453422
0.453418
0.453405
0.453412
0.453382
0.453401
0.453269
0.453289
0.453244
0.453236
0.453146
0.453142
0.453072
0.453102
0.453072
0.453106
0.453008
0.452952
0.452962
0.452909
0.452917
0.452891
0.452794
0.452737
0.452714
0.452696
0.452684
0.452662
0.452664
0.452638
0.452662
0.452613
0.452559
0.452553
0.452531
0.452526
0.452456
0.452417
0.45245
0.452422
0.452407
0.452378
0.452355
0.452382
0.452322
0.452287
0.452266
0.452242
0.452221
0.452195
0.452196
0.452132
0.452117
0.452093
0.452033
0.451993
0.451974
0.451998
0.451999
0.451984
0.451907
0.45183
0.451706
0.45169
0.451688
0.451674
0.451646
0.45159
0.45156
0.451537
0.451505
0.451462
0.451476
0.451497
0.451501
0.451489
0.45141
0.451389
0.451388
0.451382
0.451371
0.451352
0.451257
0.451246
0.451168
0.451162
0.451139
0.451148
0.451092
0.451102
0.451103
0.451108
0.451114
0.451062
0.451029
0.451037
0.450993
0.451016
0.45098
0.45095
0.450969
0.450872
0.450897
0.450905
0.450889
0.450849
0.450843
0.450858
0.450858
0.450847
0.450814
0.450834
0.450867
0.450877
0.450859
0.450852
0.450855
0.450625
0.450574
