0.801802
0.81307
0.827236
0.829885
0.830882
0.830015
0.82961
0.83045
0.829765
0.829299
0.813822
0.804972
0.795778
0.785824
0.778781
0.771538
0.765715
0.76034
0.751696
0.750192
0.739029
0.728802
0.720345
0.713232
0.70701
0.699532
0.694354
0.688573
0.682899
0.677622
0.670863
0.663234
0.657111
0.651022
0.644529
0.640124
0.636274
0.63132
0.626965
0.622629
0.616905
0.611794
0.605931
0.601358
0.596536
0.592094
0.589669
0.585561
0.581585
0.577051
0.572105
0.568418
0.562731
0.559178
0.555622
0.551691
0.548246
0.54479
0.541584
0.538969
0.535444
0.531587
0.528158
0.52374
0.520157
0.517899
0.515458
0.512929
0.510989
0.509136
0.506677
0.504796
0.502757
0.500974
0.497899
0.496348
0.493878
0.49226
0.490949
0.489264
0.487588
0.485143
0.484684
0.484122
0.482935
0.482113
0.481136
0.480719
0.479066
0.477706
0.4769
0.477183
0.477449
0.477206
0.476961
0.476558
0.47667
0.476233
0.476351
0.476364
0.476037
0.476043
0.476227
0.476391
0.47698
0.47718
0.476929
0.47666
0.476492
0.476543
0.476992
0.476926
0.476981
0.476452
0.476293
0.475614
0.475794
0.476156
0.476163
0.47632
0.476056
0.475675
0.475252
0.475428
0.47522
0.475518
0.47572
0.475761
0.475516
0.475562
0.475935
0.476144
0.476253
0.47606
0.475933
0.476026
0.475954
0.476225
0.476192
0.476031
0.475566
0.475461
0.475355
0.475074
0.475055
0.475454
0.475503
0.47524
0.475387
0.475428
0.475589
0.475536
0.475803
0.476051
0.47603
0.476473
0.476628
0.476811
0.476994
0.476993
0.477284
0.477417
0.477603
0.477779
0.477593
0.477673
0.477805
0.477651
0.477854
0.478063
0.477867
0.477982
0.478367
0.478545
0.478796
0.478915
0.478786
0.478709
0.478505
0.478536
0.478557
0.47868
0.478628
0.478426
0.478765
0.478781
0.479005
0.479236
0.47951
0.479304
0.479274
0.479622
0.479619
0.479719
0.47985
0.479277
0.478731
0.478907
0.478986
0.479146
0.479297
0.479384
0.479409
0.479512
0.479617
0.479947
0.480302
0.480069
0.480149
0.480536
0.480682
0.480819
0.480947
0.481293
0.481337
0.481667
0.481657
0.4819
0.482101
0.482131
0.482121
0.481923
0.482156
0.482137
0.482253
0.482184
0.482153
0.482306
0.482554
0.482384
0.482592
0.482497
0.482478
0.4827
0.482827
0.482845
0.483151
0.483129
0.483039
0.48313
0.483261
0.483518
0.483406
0.483329
0.48332
0.483339
0.483377
0.48359
0.483733
0.483896
0.483897
0.48394
0.483806
0.483795
0.483695
0.483672
0.483332
0.483453
0.483578
0.483886
0.483624
0.483636
0.483617
0.483664
0.48406
0.484179
0.484318
0.484429
0.484188
0.484159
0.484013
0.483962
0.484054
0.484216
0.484245
0.484069
0.483934
0.484033
0.483754
0.483816
0.483795
0.483854
0.483762
0.483744
0.483844
0.483944
0.483999
0.484052
0.483951
0.483984
0.483952
0.484011
0.484071
0.484188
0.484202
0.484344
0.484468
0.48455
0.484528
0.484488
0.48453
0.484612
0.48462
0.484808
0.484845
0.485001
0.485058
0.484962
0.485031
0.485035
0.484883
0.484887
0.484867
0.48491
0.484983
0.484872
0.48478
0.484652
0.484495
0.484674
0.484844
0.484859
0.484827
0.484955
0.485022
0.485154
0.485194
0.485356
0.485329
0.485557
0.485379
0.485353
0.485496
0.485561
0.485435
0.485167
0.485171
0.485098
0.485081
0.485152
0.485229
0.485279
0.485231
0.485264
0.485242
0.485202
0.485268
0.485211
0.485275
0.485382
0.485447
0.485537
0.485555
0.485538
0.485754
0.485866
0.485941
0.485936
0.485907
0.485909
0.485911
0.4861
0.485991
0.486173
0.486259
0.486323
0.486486
0.486596
0.486568
0.486692
0.486803
0.486777
0.486798
0.486941
0.487012
0.487106
0.487123
0.487046
0.487103
0.48718
0.487242
0.487374
0.487402
0.487335
0.487333
0.48735
0.48739
0.487286
0.487188
0.487265
0.487254
0.4874
0.487539
0.487667
0.487643
0.486605
0.485466
0.48428
0.483178
0.482099
0.48157
0.481351
0.4813
0.481275
0.481082
0.480949
0.480801
0.480617
0.480452
0.480188
0.479993
0.479693
0.479445
0.479405
0.479301
0.47908
0.479004
0.478914
0.47863
0.478512
0.478395
0.478253
0.47813
0.47802
0.477839
0.477589
0.477235
0.477149
0.476975
0.477036
0.476923
0.476744
0.476429
0.476128
0.476031
0.475791
0.47557
0.475482
0.475342
0.475135
0.474999
0.474814
0.474613
0.474561
0.474414
0.474156
0.473947
0.473851
0.473703
0.473597
0.473439
0.47337
0.473369
0.473169
0.473056
0.473004
0.472846
0.472644
0.472356
0.472218
0.472208
0.472193
0.47203
0.471869
0.47169
0.471072
0.471047
0.470887
0.470814
0.470619
0.470352
0.470286
0.470131
0.469995
0.469909
0.469682
0.469557
0.469468
0.469313
0.469215
0.46909
0.46892
0.468694
0.468624
0.468561
0.46836
0.468229
0.467983
0.467826
0.467693
0.467589
0.467466
0.467098
0.467106
0.466911
0.466795
0.466577
0.466467
0.466306
0.466101
0.466165
0.466207
0.466192
0.466277
0.466159
0.466291
0.466344
0.466245
0.46631
0.466373
0.466383
0.466472
0.466516
0.466551
0.466671
0.466755
0.466654
0.466641
0.466587
0.466613
0.466651
0.466733
0.4668
0.466824
0.466919
0.466904
0.467005
0.466988
0.467029
0.466965
0.467079
0.467128
0.467179
0.467106
0.467116
0.467146
0.467181
0.467225
0.467281
0.46723
0.467276
0.467311
0.467055
0.467059
0.46707
0.467124
0.467189
0.467179
0.467215
0.467293
0.467329
0.467377
0.467142
0.466541
0.466518
0.466425
0.466503
0.466516
0.466592
0.466567
0.466599
0.466597
0.466672
0.466671
0.466738
0.466624
0.466683
0.466683
0.466762
0.466792
0.46686
0.466954
0.466923
0.466955
0.467006
0.467049
0.467168
0.467163
0.46711
0.467079
0.467084
0.467152
0.467176
0.467163
0.467242
0.467254
0.467287
0.467237
0.467247
0.466892
0.466508
0.466344
0.466312
0.466222
0.466251
0.466229
0.46611
0.466075
0.465801
0.465472
0.465474
0.46538
0.465309
0.465174
0.465081
0.464928
0.464851
0.464805
0.464838
0.464786
0.464724
0.464596
0.464556
0.464497
0.464469
0.464388
0.464295
0.464162
0.464023
0.464019
0.463967
0.463856
0.463789
0.463651
0.463578
0.463551
0.463374
0.463251
0.463183
0.463144
0.463046
0.462973
0.462882
0.46279
0.46272
0.462613
0.462538
0.462431
0.462399
0.462356
0.462217
0.462153
0.462026
0.46198
0.461928
0.461826
0.46158
0.461582
0.461512
0.461377
0.46131
0.461186
0.461107
0.460994
0.460822
0.460811
0.460798
0.460708
0.460642
0.460518
0.460451
0.46042
0.460291
0.46029
0.46019
0.460077
0.459968
0.459868
0.459851
0.459751
0.459692
0.459528
0.45946
0.459421
0.459349
0.459288
0.459207
0.459207
0.459157
0.459085
0.458995
0.458902
0.45883
0.458725
0.458589
0.45855
0.458572
0.458479
0.458492
0.458457
0.458415
0.458402
0.458339
0.458306
0.458113
0.45813
0.458123
0.458089
0.458073
0.457969
0.457533
0.45759
0.457476
0.457493
0.457584
0.457643
0.457629
0.457626
0.457587
0.45767
0.457613
0.457621
0.457702
0.457781
0.457841
0.457777
0.457833
0.457861
0.457882
0.457889
0.457828
0.457786
0.457837
0.45794
0.45778
0.457803
0.457908
0.457863
0.457888
0.457873
0.457813
0.457751
0.457776
0.457784
0.457802
0.457836
0.457534
0.457248
0.457288
0.457273
0.457306
0.457321
0.457326
0.457402
0.457444
0.457425
0.45745
0.457453
0.457523
0.457512
0.457562
0.457592
0.457656
0.457677
0.457731
0.457731
0.457762
0.457818
0.457869
0.457793
0.457852
0.457958
0.458051
0.4581
0.458072
0.458127
0.458197
0.458271
0.458353
0.458397
0.458406
0.458373
0.458403
0.458455
0.458579
0.45859
0.458689
0.458771
0.458844
0.458836
0.458884
0.458832
0.458899
0.458966
0.458998
0.459064
0.459082
0.459162
0.459205
0.459243
0.459315
0.459365
0.459389
0.459411
0.459449
0.459478
0.459491
0.459583
0.459624
0.459714
0.459732
0.45969
0.459717
0.459769
0.459833
0.459852
0.459943
0.459933
0.459934
0.45995
0.45998
0.459977
0.46002
0.460074
0.460044
0.460027
0.460075
0.460143
0.460178
0.460219
0.460135
0.460157
0.46018
0.460202
0.460199
0.460206
0.46021
0.460251
0.460229
0.46025
0.460341
0.460342
0.460423
0.460453
0.460532
0.460542
0.460579
0.460654
0.460688
0.460693
0.460709
0.460711
0.460795
0.460864
0.460874
0.460953
0.460983
0.461012
0.461051
0.461114
0.461194
0.461184
0.461191
0.461235
0.461291
0.461377
0.461381
0.461441
0.461473
0.461517
0.46154
0.461615
0.461603
0.461587
0.461647
0.461698
0.461716
0.461796
0.461817
0.46185
0.461917
0.461926
0.461944
0.461955
0.462006
0.462039
0.462073
0.462059
0.46207
0.462078
0.462055
0.462047
0.462067
0.462062
0.462077
0.462158
0.462174
0.462031
0.462054
0.462138
0.462045
0.46204
0.462009
0.461967
0.462012
0.462042
0.462059
0.462064
0.462058
0.462135
0.462161
0.462205
0.462214
0.462276
0.462251
0.462324
0.462339
0.462254
0.462269
0.462303
0.4623
0.462304
0.46232
0.462348
0.46233
0.462407
0.462471
0.46245
0.462484
0.462473
0.462488
0.462576
0.462545
0.462588
0.462611
0.462594
0.462659
0.462692
0.462667
0.462725
0.462788
0.462779
0.462791
0.46263
0.462654
0.462715
0.462698
0.462724
0.46281
0.462823
0.462829
0.462847
0.46286
0.462927
0.462939
0.462925
0.462983
0.462975
0.463007
0.463038
0.463059
0.463114
0.463113
0.463139
0.463161
0.463203
0.463249
0.463322
0.463347
0.463341
0.463377
0.463396
0.463441
0.463496
0.463541
0.463604
0.463603
0.463636
0.46369
0.46367
0.46368
0.463663
0.463624
0.463638
0.463653
0.463707
0.463722
0.463728
0.463737
0.463751
0.463816
0.463841
0.463868
0.463898
0.46391
0.463979
0.463997
0.463973
0.463723
0.463678
