0
0.303502
0.312919
0.313394
0.316286
0.326761
0.33658
0.342128
0.348163
0.355615
0.358116
0.361064
0.361925
0.364094
0.36578
0.369644
0.372614
0.377928
0.380776
0.383693
0.385751
0.383874
0.383688
0.385028
0.38618
0.387168
0.387235
0.388659
0.388711
0.389268
0.391338
0.390279
0.391205
0.391896
0.391595
0.392379
0.392621
0.392773
0.393634
0.395084
0.396785
0.397274
0.397217
0.398926
0.398395
0.397718
0.398233
0.397896
0.39898
0.399455
0.399836
0.39986
0.40038
0.399896
0.400174
0.401016
0.401423
0.401556
0.401932
0.401818
0.401725
0.401534
0.401512
0.401985
0.402306
0.40248
0.402054
0.402738
0.402554
0.402707
0.400515
0.400246
0.399592
0.39928
0.39877
0.399012
0.398644
0.398234
0.398095
0.397951
0.398061
0.398118
0.397229
0.396885
0.397105
0.396604
0.395677
0.394979
0.394585
0.394308
0.394332
0.39352
0.392149
0.392673
0.392288
0.392419
0.392458
0.391809
0.391641
0.391454
0.391242
0.39127
0.390963
0.39118
0.391139
0.391226
0.391142
0.391277
0.391286
0.38928
0.388952
0.388887
0.388302
0.388475
0.388479
0.388946
0.388818
0.388583
0.388189
0.387707
0.38788
0.387928
0.387557
0.387497
0.38725
0.386867
0.386865
0.387028
0.387281
0.387597
0.387357
0.387243
0.387303
0.387387
0.387332
0.387281
0.387023
0.387084
0.38632
0.385768
0.385764
0.386149
0.38588
0.385626
0.385302
0.385484
0.385371
0.385298
0.38508
0.384879
0.384557
0.384507
0.384604
0.384414
0.384333
0.384447
0.384342
0.384431
0.3843
0.384303
0.384173
0.384312
0.384418
0.384397
0.384174
0.383817
0.383949
0.383973
0.383998
0.383966
0.383995
0.384189
0.384334
0.384388
0.384524
0.384394
0.384394
0.383483
0.381529
0.381265
0.380825
0.380912
0.380729
0.380777
0.380607
0.380608
0.380601
0.380492
0.38044
0.380293
0.38036
0.380057
0.380099
0.380098
0.380056
0.3798
0.379854
0.380013
0.379918
0.379722
0.379811
0.379681
0.37948
0.37948
0.379201
0.379069
0.379156
0.379212
0.3792
0.379182
0.379354
0.379354
0.37929
0.379104
0.379002
0.378985
0.379116
0.37905
0.378974
0.378903
0.37877
0.378468
0.378521
0.378238
0.378359
0.378231
0.378076
0.377956
0.37806
0.377899
0.377814
0.377736
0.377613
0.377771
0.377743
0.377521
0.3774
0.377333
0.377205
0.377336
0.377425
0.377371
0.37735
0.377253
0.377298
0.377423
0.377249
0.377085
0.377031
0.376972
0.377011
0.376905
0.376857
0.376776
0.377013
0.377065
0.377116
0.376867
0.376784
0.376944
0.37692
0.376818
0.376888
0.376857
0.376871
0.376863
0.376636
0.376306
0.376369
0.376444
0.376508
0.37647
0.376491
0.37658
0.376614
0.376571
0.376759
0.376632
0.376662
0.376717
0.376589
0.376595
0.376578
0.376688
0.376638
0.37658
0.376629
0.376714
0.376891
0.37693
0.376918
0.376976
0.377013
0.376934
0.3766
0.376687
0.376665
0.376733
0.376655
0.376755
0.376817
0.376571
0.37654
0.376671
0.376649
0.376612
0.376664
0.376498
0.376477
0.376498
0.376587
0.376536
0.376578
0.376508
0.376405
0.376448
0.37654
0.376319
0.376194
0.37629
0.376344
0.376339
0.376308
0.376414
0.376451
0.376299
0.376394
0.376415
0.376375
0.376122
0.376171
0.376318
0.376383
0.376423
0.376444
0.376518
0.376555
0.376605
0.376723
0.376737
0.376734
0.376771
0.376753
0.376859
0.376824
0.376833
0.376941
0.37716
0.377065
0.377093
0.377129
0.377278
0.377181
0.377162
0.377106
0.377115
0.377195
0.37728
0.377285
0.377308
0.377348
0.377237
0.377175
0.377251
0.377396
0.377549
0.377454
0.377556
0.377538
0.377563
0.377515
0.377491
0.377722
0.377732
0.377748
0.377738
0.377709
0.377623
0.377741
0.377692
0.37763
0.377615
0.377638
0.377689
0.377648
0.377685
0.377631
0.377706
0.377759
0.377861
0.377767
0.377799
0.377833
0.377834
0.377994
0.378004
0.378042
0.378069
0.378243
0.378253
0.378381
0.378432
0.378439
0.378542
0.378596
0.378777
0.378882
0.378852
0.378943
0.379101
0.379289
0.379273
0.37937
0.37939
0.37944
0.379423
0.379377
0.379478
0.379501
0.379411
0.379452
0.379481
0.379508
0.379438
0.37936
0.379543
0.379659
0.379821
0.379913
0.380032
0.380021
0.380108
0.380065
0.380128
0.380158
0.380228
0.380241
0.38031
0.380346
0.380464
0.380578
0.380611
0.380527
0.380451
0.380496
0.38047
0.380457
0.380559
0.380674
0.380791
0.380796
0.380786
0.380792
0.380934
0.380897
0.381039
0.381049
0.381001
0.381121
0.38127
0.381322
0.381336
0.381328
0.38137
0.381348
0.381382
0.381424
0.381527
0.38152
0.381605
0.381599
0.381531
0.381464
0.381493
0.381523
0.381531
0.381579
0.381586
0.381568
0.381704
0.381737
0.381828
0.381751
0.381659
0.381125
0.380428
0.379683
0.379641
0.379595
0.379587
0.379553
0.379496
0.379537
0.379402
0.379372
0.379345
0.379308
0.379309
0.379343
0.378612
0.378385
0.378311
0.378294
0.378277
0.377965
0.377842
0.37784
0.377814
0.377761
0.377658
0.377585
0.377367
0.377386
0.377354
0.377262
0.377158
0.377097
0.377009
0.377066
0.377087
0.37704
0.377122
0.377192
0.377174
0.377238
0.377226
0.37684
0.376718
0.3767
0.376685
0.376684
0.376774
0.376661
0.376719
0.376648
0.376736
0.376663
0.376639
0.37656
0.376576
0.376659
0.376617
0.376642
0.376659
0.376662
0.376666
0.376639
0.376677
0.376636
0.376538
0.376459
0.37645
0.376434
0.37624
0.376258
0.376255
0.376224
0.376178
0.376167
0.376101
0.376094
0.375984
0.376053
0.376003
0.375922
0.375888
0.375869
0.375787
0.375823
0.375737
0.375707
0.375715
0.375641
0.375598
0.375655
0.375675
0.375603
0.375603
0.375546
0.375574
0.375548
0.37552
0.375581
0.375514
0.375478
0.375492
0.375294
0.375183
0.375287
0.375221
0.375218
0.375199
0.375101
0.374952
0.374947
0.375007
0.375034
0.375029
0.375057
0.374983
0.374939
0.374897
0.374917
0.374964
0.374959
0.375043
0.375027
0.375028
0.374939
0.374881
0.374878
0.374799
0.374765
0.374769
0.374772
0.374773
0.374814
0.374694
0.374711
0.374679
0.37464
0.37463
0.374649
0.374658
0.37471
0.374749
0.374744
0.374746
0.374771
0.37477
0.374759
0.374731
0.374685
0.374696
0.374711
0.374604
0.374593
0.374654
0.374628
0.374674
0.374733
0.374264
0.37426
0.374208
0.374196
0.374212
0.374202
0.374158
0.374175
0.374074
0.374047
0.374047
0.374104
0.374096
0.374106
0.374099
0.374085
0.374153
0.374111
0.374068
0.3741
0.374079
0.374134
0.373917
0.37385
0.373848
0.373858
0.373864
0.373773
0.373761
0.373775
0.37382
0.373861
0.373802
0.373776
0.373772
0.373831
0.37382
0.373841
0.373854
0.37389
0.373845
0.373831
0.37382
0.373842
0.373831
0.373859
0.373855
0.373845
0.373765
0.373794
0.373815
0.3739
0.373926
0.373886
0.373863
0.373738
0.373822
0.373828
0.373822
0.373864
0.373847
0.373828
0.373811
0.373794
0.373826
0.373831
0.373815
0.373824
0.373823
0.373841
0.373883
0.373888
0.373839
0.373809
0.37385
0.37386
0.37383
0.373806
0.373852
0.373826
0.373784
0.373805
0.373765
0.373724
0.373703
0.373729
0.373749
0.373806
0.373855
0.3738
0.373805
0.373737
0.37374
0.373725
0.373729
0.373751
0.373767
0.373752
0.373612
0.373619
0.373613
0.373654
0.373677
0.373569
0.373521
0.373601
0.37363
0.373598
0.373622
0.373631
0.373611
0.373697
0.373594
0.373656
0.373698
0.373719
0.373736
0.373655
0.373698
0.373632
0.37362
0.373626
0.373687
0.373752
0.373794
0.373865
0.373886
0.373914
0.373894
0.373938
0.373975
0.374045
0.374071
0.374144
0.374108
0.374066
0.374035
0.373988
0.373919
0.373795
0.37377
0.373786
0.373641
0.37362
0.373607
0.373636
0.373656
0.373574
0.37359
0.373573
0.373534
0.373324
0.373246
0.373239
0.373242
0.373245
0.373307
0.373321
0.373311
0.373319
0.373327
0.373367
0.373373
0.373359
0.3734
0.373446
0.373454
0.373493
0.373541
0.373526
0.373523
0.373526
0.373505
0.373467
0.373438
0.373443
0.373436
0.373439
0.373453
0.373428
0.373442
0.373504
0.373479
0.373524
0.373524
0.37352
0.373515
0.373516
0.373461
0.373509
0.373466
0.373494
0.373495
0.37353
0.373508
0.373527
0.373548
0.373604
0.373612
0.373623
0.373662
0.373703
0.373709
0.373654
0.373541
0.373461
0.37347
0.373497
0.373488
0.373395
0.373456
0.373462
0.373499
0.373479
0.373505
0.373555
0.373513
0.373594
0.373534
0.373555
0.373548
0.37355
0.373609
0.37342
0.373451
0.37342
0.373415
0.373414
0.373464
0.373427
0.37342
0.373529
0.373507
0.373519
0.373539
0.373494
0.373553
0.373567
0.373504
0.373506
0.373447
0.373497
0.373491
0.37347
0.373465
0.373443
0.37348
0.373489
0.373563
0.373546
0.373547
0.373572
0.373539
0.373486
0.373499
0.37347
0.373453
0.373385
0.373433
0.37348
0.373491
0.373488
0.373562
0.37359
0.373601
0.373548
0.373554
0.373545
0.373515
0.373531
0.373588
0.373585
0.373552
0.373599
0.373593
0.373597
0.373532
0.373569
0.373549
0.373551
0.373522
0.37352
0.373501
0.373544
0.373519
0.37346
0.373409
0.373364
0.373352
0.373297
0.373305
0.373341
0.37336
0.373359
0.373385
0.373401
0.373424
0.373443
0.373344
0.3734
0.373461
0.373421
0.373418
0.373442
0.37342
0.373406
0.373431
0.373442
0.373462
0.373458
0.373467
0.373492
0.373495
0.373529
0.37356
0.37357
0.373603
0.373607
0.373633
0.3736
0.373605
0.373494
0.373477
0.373521
0.373515
0.373539
0.373518
0.373562
0.37359
0.373624
0.373595
0.373603
0.373566
0.373533
0.373514
0.373511
0.373548
0.373554
0.373516
0.373486
0.373469
0.373465
0.373457
0.373504
0.373533
0.373522
0.373568
0.373558
0.373521
0.373551
0.373549
0.373549
0.373591
0.373645
0.373576
0.373604
0.373602
0.373602
0.373654
0.373673
