0
0.506173
0.45445
0.443912
0.443102
0.448907
0.455508
0.46029
0.459115
0.466755
0.467465
0.470765
0.475569
0.476659
0.480669
0.483672
0.485436
0.489065
0.491512
0.493992
0.495139
0.493179
0.491201
0.491292
0.490013
0.491376
0.49327
0.494502
0.49435
0.493768
0.493817
0.49328
0.495085
0.494071
0.495267
0.49501
0.495503
0.494391
0.494694
0.49557
0.496502
0.498012
0.498436
0.498434
0.49669
0.497357
0.497205
0.497173
0.497367
0.497585
0.497603
0.49709
0.496852
0.497375
0.497648
0.496945
0.497143
0.497404
0.497515
0.496971
0.497179
0.497335
0.497397
0.497565
0.497819
0.498063
0.498341
0.498134
0.496895
0.496491
0.494054
0.493835
0.493492
0.493139
0.492452
0.491839
0.491535
0.491125
0.490564
0.490568
0.490301
0.490315
0.489912
0.489756
0.48909
0.488822
0.488161
0.488205
0.487868
0.487478
0.486868
0.486052
0.485027
0.485019
0.485452
0.484932
0.48435
0.484053
0.484378
0.484775
0.484171
0.483758
0.483391
0.483271
0.483163
0.483227
0.482786
0.482965
0.482985
0.481481
0.48159
0.481011
0.480961
0.480681
0.4803
0.47978
0.479692
0.479634
0.47927
0.478329
0.478183
0.47839
0.478338
0.478271
0.477969
0.477433
0.477228
0.476997
0.47684
0.476872
0.4772
0.477214
0.477361
0.477547
0.477811
0.47757
0.47732
0.47719
0.476386
0.475771
0.475635
0.475533
0.475013
0.474905
0.474635
0.474494
0.474521
0.474323
0.474072
0.473672
0.473403
0.473208
0.473179
0.473233
0.473276
0.473224
0.473112
0.472949
0.472632
0.472276
0.472321
0.472596
0.472366
0.472165
0.472262
0.471999
0.471905
0.471673
0.471449
0.471426
0.471522
0.471622
0.471529
0.471489
0.471764
0.471893
0.471842
0.470743
0.468837
0.468813
0.468551
0.468561
0.468524
0.468364
0.468312
0.468461
0.468481
0.468139
0.468121
0.468141
0.468445
0.468278
0.468156
0.46795
0.467841
0.467786
0.467596
0.467528
0.467591
0.467502
0.467332
0.467205
0.467317
0.467237
0.466954
0.466788
0.466574
0.466793
0.466674
0.46656
0.466364
0.466527
0.466415
0.466224
0.466206
0.466127
0.466195
0.466376
0.466392
0.46618
0.465856
0.465859
0.465759
0.465708
0.465572
0.465647
0.465535
0.465534
0.465347
0.465412
0.465428
0.465055
0.46492
0.4649
0.464839
0.464548
0.464517
0.464641
0.464716
0.464867
0.464874
0.464756
0.464852
0.464633
0.46447
0.464399
0.464115
0.464093
0.464249
0.464225
0.464101
0.463985
0.463947
0.463967
0.464043
0.464137
0.464155
0.464075
0.463971
0.463836
0.46376
0.463794
0.463779
0.463786
0.463697
0.463792
0.463934
0.463679
0.463828
0.463825
0.463468
0.463519
0.463483
0.463567
0.463526
0.463441
0.463514
0.463516
0.463771
0.463762
0.463759
0.463757
0.463681
0.46373
0.463798
0.463743
0.463827
0.464031
0.464126
0.46414
0.464323
0.464365
0.464327
0.464172
0.463874
0.463891
0.463753
0.463752
0.463675
0.463693
0.463684
0.46358
0.463536
0.463433
0.463462
0.463499
0.463535
0.463603
0.463605
0.463505
0.463628
0.463673
0.46366
0.463733
0.463876
0.463974
0.463981
0.463717
0.463617
0.463935
0.464033
0.464049
0.464075
0.464105
0.464068
0.464073
0.464108
0.464115
0.46417
0.464024
0.464083
0.464134
0.464013
0.463887
0.463992
0.464106
0.464027
0.464197
0.464164
0.464222
0.464231
0.464302
0.464303
0.46434
0.464273
0.464282
0.464265
0.464374
0.46437
0.464361
0.464358
0.464393
0.464435
0.464361
0.464185
0.46424
0.464261
0.464256
0.464228
0.464081
0.464017
0.464117
0.464089
0.464089
0.464138
0.464196
0.464156
0.464165
0.464116
0.464196
0.464243
0.464254
0.464269
0.464224
0.464219
0.464214
0.464251
0.464313
0.464393
0.46447
0.464492
0.46457
0.464517
0.464509
0.464479
0.464447
0.464491
0.464578
0.4646
0.46458
0.464663
0.464713
0.464731
0.46465
0.464771
0.464726
0.464716
0.464716
0.46476
0.46476
0.46478
0.464851
0.464818
0.464989
0.46498
0.46504
0.465074
0.465178
0.465177
0.465129
0.465191
0.46529
0.465353
0.465526
0.465518
0.46563
0.465664
0.465719
0.465729
0.465652
0.465696
0.465694
0.465915
0.465953
0.466046
0.46617
0.46623
0.466196
0.46634
0.466284
0.466366
0.466324
0.466418
0.466459
0.466623
0.466625
0.466602
0.466639
0.466715
0.466758
0.466911
0.466846
0.466844
0.46683
0.466893
0.467054
0.467132
0.467247
0.467209
0.467296
0.467376
0.467463
0.467427
0.467482
0.46753
0.467614
0.46766
0.467795
0.467829
0.467825
0.467839
0.467916
0.468029
0.4681
0.468227
0.468331
0.468287
0.468248
0.468261
0.468344
0.468437
0.468439
0.4686
0.468681
0.468635
0.468663
0.468634
0.468722
0.468691
0.468668
0.468805
0.468877
0.468785
0.468805
0.46815
0.467386
0.466618
0.466656
0.466577
0.466528
0.466505
0.466511
0.466507
0.466557
0.46655
0.466533
0.466571
0.466642
0.4667
0.465957
0.465773
0.465783
0.465767
0.465776
0.465631
0.465643
0.465512
0.465501
0.465483
0.465484
0.465458
0.46517
0.465191
0.465088
0.464975
0.464861
0.464862
0.464888
0.464921
0.464831
0.464831
0.464809
0.464808
0.464843
0.464791
0.464778
0.464363
0.464239
0.464116
0.464177
0.464217
0.464114
0.463965
0.463888
0.463905
0.46383
0.463744
0.463629
0.463609
0.463528
0.463495
0.46348
0.463468
0.463468
0.463557
0.463639
0.463589
0.463534
0.463565
0.463495
0.463499
0.463547
0.463577
0.463364
0.463289
0.463239
0.463118
0.463141
0.463115
0.463159
0.463196
0.463218
0.463142
0.463141
0.463136
0.463109
0.463067
0.462994
0.463014
0.462962
0.462919
0.462937
0.462901
0.462843
0.462846
0.462806
0.462819
0.462849
0.462778
0.462773
0.462707
0.462688
0.462709
0.462758
0.462748
0.462794
0.462606
0.462557
0.462489
0.462425
0.462405
0.462378
0.462319
0.462185
0.462121
0.462077
0.462027
0.462016
0.461981
0.462004
0.461929
0.461931
0.461897
0.461898
0.461869
0.46183
0.461832
0.461888
0.461857
0.461858
0.461755
0.461703
0.461662
0.461676
0.46169
0.461627
0.461607
0.461607
0.461555
0.461532
0.461522
0.461569
0.461575
0.461566
0.461529
0.4615
0.461539
0.461565
0.461604
0.461597
0.46155
0.461462
0.461479
0.461498
0.461563
0.461527
0.461527
0.46148
0.461421
0.461428
0.461438
0.460965
0.460897
0.460821
0.460857
0.460842
0.460869
0.460896
0.46081
0.460754
0.460745
0.460825
0.46079
0.460839
0.460798
0.460818
0.460752
0.460834
0.460733
0.460669
0.460571
0.460507
0.460512
0.460363
0.460362
0.460352
0.460367
0.460287
0.460269
0.4603
0.460305
0.460365
0.460324
0.460231
0.460228
0.460176
0.460129
0.460127
0.460117
0.460115
0.460071
0.460043
0.460011
0.460047
0.460083
0.460112
0.460146
0.460125
0.460191
0.460157
0.460155
0.460158
0.460129
0.460144
0.460121
0.460083
0.460068
0.460116
0.460114
0.460137
0.460159
0.460157
0.460173
0.460233
0.460237
0.460222
0.46017
0.460193
0.460173
0.460173
0.460151
0.460083
0.460078
0.46007
0.460028
0.459989
0.459997
0.460041
0.460027
0.460042
0.460018
0.460062
0.460077
0.460095
0.460164
0.46013
0.460147
0.460188
0.460186
0.460217
0.460202
0.460186
0.460073
0.46006
0.460112
0.46013
0.460142
0.460169
0.46015
0.460039
0.459981
0.45997
0.459991
0.460015
0.460005
0.45999
0.459985
0.459988
0.460023
0.460091
0.460123
0.460045
0.460086
0.459962
0.459946
0.459979
0.459972
0.459955
0.45995
0.459962
0.459962
0.459904
0.4599
0.459913
0.459904
0.459945
0.459997
0.459954
0.46004
0.460016
0.460048
0.460064
0.460098
0.460116
0.460118
0.460052
0.46002
0.460024
0.46007
0.460024
0.460042
0.460044
0.460051
0.459909
0.459917
0.459937
0.459951
0.459984
0.459979
0.459952
0.459916
0.459896
0.459685
0.459638
0.459613
0.459634
0.459681
0.45974
0.459782
0.459784
0.459804
0.459839
0.459867
0.459909
0.459945
0.459966
0.460008
0.460035
0.460065
0.460073
0.460007
0.460048
0.460047
0.460087
0.460065
0.460049
0.460047
0.460052
0.460111
0.460076
0.460108
0.460105
0.46012
0.460171
0.460185
0.460193
0.460217
0.460204
0.460144
0.460107
0.460146
0.460128
0.460148
0.46016
0.460187
0.460241
0.460218
0.460277
0.460234
0.460306
0.460337
0.460357
0.460374
0.460343
0.460364
0.460213
0.460168
0.460164
0.460152
0.460143
0.460067
0.460089
0.460088
0.46007
0.460087
0.460079
0.460101
0.460138
0.460168
0.460118
0.460152
0.460207
0.460178
0.46017
0.460017
0.460091
0.460114
0.460137
0.460107
0.460107
0.460102
0.460097
0.460098
0.460153
0.460132
0.460108
0.460068
0.460107
0.460134
0.460033
0.459983
0.460008
0.46004
0.460013
0.459956
0.459935
0.459971
0.459978
0.459996
0.460011
0.459995
0.459956
0.459987
0.460051
0.460055
0.460057
0.460033
0.460047
0.460044
0.460032
0.460047
0.460087
0.460087
0.460048
0.460061
0.460066
0.460008
0.460014
0.460023
0.460021
0.460029
0.460009
0.460015
0.460031
0.460018
0.460054
0.46012
0.460121
0.460133
0.460168
0.460142
0.46018
0.46018
0.460153
0.460143
0.46016
0.460133
0.4601
0.460145
0.460152
0.460116
0.460049
0.460064
0.460083
0.460099
0.460126
0.46016
0.460236
0.460268
0.460194
0.460173
0.460183
0.460107
0.460062
0.460114
0.460136
0.460147
0.460103
0.460089
0.460062
0.460107
0.460139
0.460176
0.460217
0.460215
0.460143
0.460132
0.460136
0.460151
0.460164
0.46018
0.460162
0.460061
0.460042
0.460037
0.460012
0.460066
0.460083
0.460127
0.460065
0.460111
0.460123
0.460099
0.460109
0.460118
0.460134
0.460132
0.460209
0.460261
0.460259
0.460257
0.46023
0.460228
0.460223
0.460201
0.460204
0.460171
0.46017
0.460182
0.460175
0.460175
0.460169
0.460176
0.46019
0.460191
0.460155
0.460176
0.460186
0.460156
0.46018
0.460176
