0.809917
0.825714
0.808061
0.813853
0.818182
0.815891
0.814097
0.817919
0.817622
0.815991
0.804168
0.790589
0.781172
0.775271
0.76885
0.766821
0.759882
0.75794
0.751716
0.745476
0.737125
0.729697
0.721027
0.712806
0.705988
0.699965
0.694635
0.689266
0.684124
0.679736
0.672896
0.66676
0.660829
0.654253
0.648462
0.643469
0.638334
0.633693
0.629334
0.625413
0.620791
0.616214
0.610754
0.605222
0.600908
0.596652
0.591944
0.587782
0.5841
0.580979
0.576903
0.571651
0.567986
0.564658
0.560965
0.557183
0.552877
0.549415
0.54648
0.542208
0.538333
0.534933
0.531872
0.529105
0.526535
0.523866
0.520666
0.517001
0.514288
0.51116
0.509237
0.506319
0.504309
0.502449
0.49988
0.497361
0.495158
0.49257
0.491202
0.489213
0.487674
0.485576
0.484423
0.482567
0.481481
0.480189
0.479381
0.478753
0.477494
0.476005
0.475833
0.475575
0.475261
0.475211
0.474979
0.474665
0.474429
0.474618
0.472595
0.472321
0.4723
0.471963
0.471535
0.471585
0.471844
0.471501
0.471411
0.471054
0.470322
0.469569
0.469343
0.469099
0.469096
0.468741
0.468407
0.468166
0.468126
0.468137
0.468247
0.468389
0.468074
0.467885
0.467924
0.467836
0.467648
0.467304
0.467455
0.466462
0.465986
0.465946
0.46594
0.465794
0.465741
0.465986
0.465474
0.465144
0.465354
0.464863
0.464774
0.464716
0.465015
0.464806
0.46436
0.464001
0.463787
0.4635
0.463514
0.462865
0.462869
0.462587
0.462269
0.461959
0.461628
0.461765
0.461793
0.461587
0.461413
0.46134
0.461079
0.461089
0.461239
0.461333
0.461367
0.461512
0.461782
0.461887
0.46076
0.458832
0.459078
0.459223
0.459459
0.459479
0.459826
0.459934
0.460109
0.460177
0.460631
0.460967
0.461307
0.461519
0.461831
0.462038
0.462113
0.46218
0.462504
0.462436
0.462348
0.462104
0.462322
0.462558
0.463028
0.463501
0.463628
0.463368
0.463168
0.463504
0.463839
0.463944
0.464217
0.46432
0.464425
0.464772
0.464804
0.465028
0.465197
0.465369
0.465377
0.465515
0.465667
0.465457
0.465358
0.465426
0.465307
0.465402
0.465366
0.465606
0.465808
0.465743
0.465918
0.465802
0.465358
0.465239
0.465455
0.465597
0.465387
0.465471
0.465605
0.465786
0.465872
0.465989
0.466131
0.466414
0.46637
0.466498
0.466404
0.46629
0.466268
0.466025
0.466123
0.466047
0.466152
0.466242
0.466232
0.466555
0.466464
0.466336
0.466533
0.466708
0.466831
0.466736
0.46671
0.466847
0.466755
0.466772
0.466727
0.466614
0.466175
0.466337
0.466336
0.466467
0.466688
0.466615
0.466578
0.466623
0.466605
0.466576
0.466574
0.466634
0.466613
0.466414
0.466359
0.466416
0.466506
0.466461
0.466393
0.466339
0.466094
0.466017
0.465949
0.465952
0.465942
0.466002
0.465876
0.465681
0.465689
0.465462
0.465689
0.465702
0.465696
0.465722
0.465394
0.465297
0.465293
0.465449
0.465495
0.465565
0.465761
0.465726
0.465734
0.465859
0.465902
0.465886
0.466023
0.466008
0.466004
0.466167
0.46597
0.465796
0.465895
0.465937
0.466117
0.466181
0.466218
0.466171
0.466063
0.466079
0.466384
0.466494
0.466459
0.466319
0.466288
0.466196
0.466222
0.466459
0.466522
0.466571
0.466558
0.466629
0.466642
0.466668
0.466617
0.466574
0.466658
0.466725
0.466758
0.466807
0.46686
0.467027
0.467123
0.467221
0.467272
0.467255
0.467238
0.46718
0.467247
0.467204
0.467076
0.466943
0.467103
0.467128
0.467024
0.467056
0.467131
0.467258
0.467356
0.467466
0.467498
0.467518
0.467543
0.467618
0.467615
0.467658
0.467645
0.467693
0.467799
0.467906
0.467971
0.468016
0.467983
0.468065
0.468221
0.468205
0.468309
0.468335
0.468323
0.468349
0.468261
0.468403
0.468459
0.468497
0.46857
0.468703
0.468712
0.468813
0.468831
0.468935
0.469002
0.469117
0.469169
0.469252
0.469216
0.469337
0.469428
0.469375
0.469414
0.469365
0.469408
0.469409
0.469524
0.469577
0.469625
0.469763
0.469703
0.469732
0.469826
0.469874
0.469897
0.470114
0.47
0.470036
0.46999
0.470023
0.470111
0.470068
0.470153
0.470185
0.470186
0.470243
0.47023
0.470278
0.470283
0.47019
0.470198
0.47025
0.470275
0.470305
0.470264
0.470252
0.470313
0.470284
0.470294
0.470377
0.470475
0.470513
0.470615
0.470593
0.4707
0.470683
0.470819
0.470789
0.470794
0.470929
0.471039
0.471047
0.471097
0.471189
0.471303
0.47136
0.471372
0.471416
0.471567
0.471607
0.471584
0.471611
0.471678
0.471663
0.471554
0.471521
0.471576
0.4716
0.47155
0.47156
0.471658
0.471637
0.471635
0.471658
0.471837
0.471807
0.471851
0.471942
0.472003
0.472096
0.472064
0.471443
0.470482
0.469527
0.469528
0.469541
0.469488
0.46948
0.469428
0.469468
0.469377
0.469499
0.469564
0.469696
0.469731
0.469809
0.468935
0.468633
0.468548
0.468521
0.46849
0.468261
0.468118
0.468135
0.468206
0.468148
0.467993
0.468081
0.467816
0.467758
0.467691
0.467618
0.467614
0.467664
0.467693
0.46762
0.46766
0.467618
0.467652
0.467665
0.467612
0.467613
0.467589
0.467097
0.467106
0.467161
0.467123
0.467095
0.46706
0.466869
0.46688
0.466876
0.466859
0.466883
0.46692
0.466907
0.466981
0.466981
0.466982
0.466955
0.467083
0.467132
0.467143
0.467134
0.467055
0.466986
0.466965
0.466922
0.466988
0.466992
0.466832
0.466895
0.46691
0.466948
0.467002
0.466993
0.466943
0.466924
0.466869
0.466814
0.4668
0.466776
0.466844
0.466776
0.466619
0.466628
0.466641
0.466673
0.466711
0.466691
0.466655
0.466632
0.466582
0.46655
0.466515
0.466556
0.466504
0.466416
0.4664
0.466353
0.466285
0.466252
0.466111
0.465977
0.465879
0.465881
0.465808
0.465849
0.465861
0.465803
0.465723
0.465631
0.465686
0.465636
0.465663
0.465678
0.465604
0.465514
0.465525
0.465561
0.465566
0.465578
0.465618
0.465713
0.465697
0.465793
0.465835
0.46588
0.465802
0.465832
0.465836
0.465927
0.465926
0.465963
0.465926
0.46591
0.465938
0.46598
0.465961
0.466016
0.465951
0.46595
0.466001
0.466069
0.466059
0.466019
0.466065
0.466088
0.46607
0.46604
0.466142
0.466224
0.466236
0.466334
0.466332
0.466411
0.466529
0.466521
0.466029
0.466022
0.465897
0.465934
0.465984
0.466006
0.465946
0.465928
0.465946
0.465931
0.465963
0.465957
0.465975
0.466011
0.466032
0.466002
0.4661
0.466143
0.46614
0.466133
0.466138
0.466113
0.465973
0.46597
0.465941
0.465907
0.465996
0.465989
0.465932
0.465947
0.465954
0.466019
0.46607
0.466117
0.466153
0.46615
0.466142
0.466129
0.466179
0.466202
0.466198
0.46616
0.466151
0.466174
0.466233
0.466231
0.466205
0.466248
0.466169
0.466124
0.466168
0.466251
0.46632
0.466334
0.466407
0.466389
0.466446
0.46647
0.466471
0.46658
0.466615
0.466694
0.466762
0.466769
0.466778
0.466845
0.466805
0.466746
0.466734
0.466772
0.46671
0.46676
0.466789
0.466825
0.466911
0.466979
0.467005
0.467056
0.467103
0.467108
0.467145
0.467222
0.467336
0.467334
0.467389
0.467497
0.467525
0.467526
0.467542
0.467552
0.467556
0.467525
0.467588
0.467635
0.467716
0.46773
0.467777
0.467822
0.467764
0.467799
0.467822
0.46779
0.467834
0.467805
0.467791
0.467866
0.467835
0.467917
0.46793
0.46791
0.467841
0.467845
0.467629
0.467589
0.467629
0.467668
0.467698
0.467751
0.467741
0.467673
0.467566
0.467552
0.467502
0.467521
0.467482
0.46749
0.46754
0.467563
0.467547
0.467537
0.467583
0.467583
0.467494
0.467545
0.467483
0.467446
0.46739
0.467441
0.467401
0.467318
0.467297
0.467298
0.467099
0.467111
0.467085
0.467074
0.467129
0.46711
0.467077
0.467135
0.467164
0.466924
0.466899
0.466886
0.466886
0.466869
0.466874
0.466839
0.466827
0.466796
0.466805
0.46681
0.466812
0.466783
0.466676
0.466674
0.466698
0.466712
0.466758
0.466761
0.466731
0.466752
0.466735
0.466737
0.466647
0.466559
0.466558
0.466549
0.466503
0.466499
0.466487
0.466541
0.466512
0.466444
0.466441
0.466438
0.466432
0.466406
0.466399
0.466393
0.466363
0.466354
0.466331
0.466329
0.466286
0.466233
0.466253
0.466266
0.466264
0.466369
0.466365
0.466384
0.466362
0.466317
0.466197
0.466034
0.466059
0.466055
0.466021
0.46595
0.465962
0.46599
0.466017
0.465969
0.465971
0.465983
0.465942
0.465979
0.465928
0.465902
0.465946
0.465918
0.465891
0.465701
0.465721
0.465722
0.465711
0.465729
0.465743
0.465793
0.465767
0.465771
0.465797
0.46574
0.465735
0.46565
0.465693
0.465724
0.46558
0.465581
0.465571
0.465547
0.465578
0.465557
0.465563
0.465567
0.465559
0.465592
0.465584
0.465607
0.46562
0.465616
0.465569
0.465599
0.465603
0.465573
0.465628
0.465638
0.465668
0.465706
0.465696
0.465697
0.465697
0.465664
0.465676
0.465614
0.465614
0.465627
0.465644
0.465677
0.465664
0.465647
0.465656
0.465644
0.465702
0.465754
0.465772
0.465803
0.465795
0.465799
0.465807
0.465818
0.465861
0.465909
0.465865
0.46583
0.46579
0.465842
0.46587
0.465845
0.465811
0.465801
0.465867
0.46585
0.465843
0.465845
0.465846
0.465792
0.465727
0.465714
0.465744
0.465748
0.465667
0.465617
0.465613
0.465612
0.465622
0.465571
0.465558
0.465569
0.465597
0.46565
0.465651
0.4657
0.465731
0.4658
0.465773
0.465803
0.465785
0.465778
0.465791
0.465737
0.465683
0.465774
0.465841
0.465834
0.465872
0.465902
0.465877
0.465861
0.465838
0.465849
0.46586
0.465825
0.465842
0.465824
0.465871
0.465893
0.465853
0.465928
0.465886
0.465911
0.465928
0.465992
0.466001
0.465924
0.465915
0.465955
0.465954
0.465998
0.466013
0.466018
0.466002
0.46599
0.466018
0.466013
0.466015
0.466035
0.466012
0.466011
