0
0.512
0.521526
0.520683
0.518393
0.525463
0.521208
0.520746
0.520772
0.521739
0.527094
0.527547
0.526828
0.527255
0.528641
0.529203
0.528948
0.528621
0.527742
0.528999
0.528759
0.530689
0.531896
0.533735
0.534354
0.534636
0.535956
0.534776
0.533567
0.532063
0.531599
0.528807
0.5248
0.52428
0.524583
0.523365
0.521915
0.521509
0.519782
0.519305
0.519231
0.518839
0.517327
0.516666
0.517015
0.516612
0.516729
0.516718
0.516211
0.514923
0.51466
0.512874
0.511801
0.509595
0.508925
0.508556
0.507214
0.50627
0.506323
0.504961
0.503673
0.503525
0.502472
0.502283
0.500887
0.499702
0.498866
0.498258
0.49765
0.495885
0.495066
0.494349
0.494229
0.493428
0.492787
0.492489
0.492066
0.491109
0.490373
0.489986
0.489318
0.488564
0.488535
0.489352
0.489221
0.489492
0.489067
0.488756
0.488243
0.487516
0.487348
0.487244
0.486609
0.486555
0.486816
0.486446
0.486132
0.485853
0.485751
0.485409
0.485504
0.48488
0.484667
0.484621
0.484651
0.484438
0.484023
0.484158
0.484102
0.484254
0.483987
0.484029
0.483857
0.483842
0.483669
0.483405
0.483593
0.48349
0.483406
0.483387
0.483216
0.483385
0.483501
0.483389
0.483424
0.482292
0.482182
0.482375
0.482106
0.481992
0.482058
0.482081
0.481878
0.48172
0.481837
0.481939
0.481971
0.482002
0.481936
0.481804
0.481446
0.481597
0.481417
0.48152
0.481235
0.481208
0.480055
0.480108
0.480166
0.480077
0.48016
0.480136
0.479994
0.480092
0.479712
0.479889
0.47955
0.479502
0.479698
0.479493
0.479583
0.479327
0.479122
0.478995
0.479309
0.479249
0.479221
0.479195
0.4793
0.479222
0.479368
0.479386
0.479225
0.479126
0.479059
0.478885
0.478883
0.478662
0.478915
0.478905
0.478864
0.478899
0.478787
0.478782
0.478785
0.478657
0.477546
0.475334
0.473221
0.471492
0.470945
0.47066
0.470523
0.470268
0.47033
0.470008
0.469735
0.469495
0.469353
0.469008
0.468837
0.46875
0.468376
0.468103
0.467997
0.4677
0.46736
0.467208
0.467029
0.466827
0.466711
0.466434
0.466191
0.466071
0.465811
0.465725
0.465513
0.465356
0.465036
0.465402
0.465245
0.465032
0.464885
0.464544
0.464571
0.464291
0.464122
0.463819
0.463794
0.463553
0.463392
0.463169
0.462938
0.462655
0.462485
0.462039
0.461829
0.46152
0.461504
0.461632
0.461455
0.461479
0.461383
0.461099
0.461032
0.460955
0.460791
0.460482
0.460281
0.460143
0.459964
0.459876
0.45963
0.45958
0.459389
0.45933
0.459255
0.459071
0.459107
0.458959
0.458988
0.457704
0.456062
0.454472
0.452834
0.451243
0.449654
0.448201
0.447801
0.447388
0.447136
0.446923
0.446446
0.44617
0.445788
0.445575
0.445374
0.444988
0.444656
0.444355
0.444031
0.443589
0.44327
0.442817
0.442634
0.44174
0.441317
0.441043
0.440711
0.440251
0.439923
0.439695
0.439435
0.439238
0.438888
0.438576
0.438356
0.438119
0.43792
0.437573
0.437228
0.436956
0.43679
0.436422
0.436142
0.435937
0.435679
0.435389
0.43519
0.435097
0.434919
0.434709
0.434748
0.43437
0.43406
0.433586
0.433418
0.433161
0.432956
0.432725
0.432761
0.432541
0.432388
0.43218
0.431885
0.431566
0.431112
0.430843
0.430698
0.430463
0.430163
0.429953
0.429887
0.42946
0.429474
0.42918
0.428868
0.428645
0.428441
0.428261
0.427958
0.427759
0.427571
0.427459
0.427138
0.427166
0.426985
0.426913
0.426666
0.426542
0.42627
0.426285
0.426229
0.426064
0.4259
0.425708
0.425524
0.425348
0.42516
0.425071
0.424917
0.42479
0.424658
0.424501
0.423705
0.423561
0.423498
0.423317
0.42275
0.422614
0.422399
0.422318
0.422079
0.421852
0.42173
0.421541
0.421418
0.421224
0.421002
0.420943
0.420916
0.420853
0.420609
0.42032
0.420243
0.420118
0.4199
0.419794
0.419651
0.419527
0.419523
0.419457
0.419288
0.419233
0.419166
0.419018
0.418837
0.418796
0.418759
0.418565
0.41843
0.418343
0.418204
0.418146
0.417933
0.417854
0.417789
0.417656
0.417471
0.417386
0.417345
0.416934
0.416854
0.416789
0.416782
0.416778
0.41675
0.416673
0.416613
0.416588
0.416589
0.416556
0.416439
0.416361
0.416335
0.416308
0.416183
0.416096
0.416098
0.415975
0.415867
0.415779
0.415654
0.415632
0.415665
0.415611
0.415604
0.415636
0.415566
0.4155
0.415357
0.41534
0.415225
0.415188
0.414814
0.413982
0.413697
0.413648
0.413477
0.413388
0.413367
0.413313
0.413256
0.413025
0.412996
0.412937
0.412897
0.412819
0.412761
0.412493
0.412434
0.412329
0.412346
0.41215
0.412086
0.411934
0.411843
0.411838
0.411707
0.411652
0.41154
0.411457
0.41144
0.411333
0.411202
0.411182
0.411041
0.4111
0.411043
0.410741
0.410587
0.410506
0.410499
0.410504
0.410501
0.410444
0.410427
0.410341
0.410176
0.410099
0.41004
0.41004
0.409986
0.409967
0.40983
0.409795
0.409662
0.409473
0.409397
0.409444
0.409336
0.409357
0.40935
0.409307
0.409302
0.40923
0.4091
0.409043
0.408995
0.408919
0.40895
0.408904
0.408881
0.408805
0.408782
0.408771
0.408777
0.408707
0.408711
0.408633
0.408664
0.408561
0.408536
0.408509
0.408564
0.408514
0.408421
0.408312
0.408244
0.408196
0.40813
0.40814
0.408092
0.408082
0.40802
0.408017
0.407979
0.407959
0.407928
0.407879
0.407876
0.407835
0.40783
0.407896
0.407866
0.407789
0.407772
0.407807
0.407741
0.407806
0.407487
0.407526
0.407395
0.407254
0.407256
0.407182
0.407225
0.407193
0.407123
0.40697
0.406797
0.406743
0.406681
0.406622
0.406534
0.406453
0.406463
0.406632
0.406683
0.406641
0.406676
0.40671
0.406707
0.406662
0.406683
0.406641
0.406567
0.406586
0.406583
0.406663
0.406671
0.406585
0.406535
0.406514
0.406526
0.406458
0.406337
0.406393
0.406438
0.40647
0.40647
0.406465
0.406434
0.406428
0.406464
0.406455
0.406457
0.406431
0.406254
0.406203
0.406186
0.40621
0.406196
0.406198
0.406128
0.406141
0.405997
0.406034
0.40604
0.40608
0.40604
0.405995
0.406002
0.405966
0.406011
0.406014
0.405962
0.405898
0.40592
0.405957
0.405944
0.405902
0.405877
0.405815
0.405858
0.405871
0.405831
0.405848
0.40592
0.405907
0.405909
0.405859
0.405896
0.405897
0.405926
0.405916
0.405914
0.405943
0.405844
0.40587
0.405809
0.405765
0.40569
0.405599
0.405365
0.40535
0.40532
0.405386
0.405338
0.405319
0.405327
0.405372
0.405304
0.40524
0.40531
0.40528
0.405312
0.405308
0.405187
0.405179
0.405164
0.405161
0.405132
0.405208
0.405157
0.405119
0.405064
0.404982
0.405021
0.405056
0.404995
0.404897
0.404892
0.404901
0.404853
0.404875
0.404838
0.404763
0.404798
0.404766
0.404723
0.404789
0.404801
0.404801
0.404792
0.404752
0.404749
0.404833
0.404878
0.404993
0.404912
0.404871
0.404904
0.404937
0.404906
0.404823
0.404809
0.404794
0.404758
0.404803
0.404811
0.404812
0.404799
0.404829
0.404819
0.404801
0.404777
0.40478
0.404831
0.404839
0.404866
0.404901
0.404903
0.404848
0.404868
0.404889
0.404942
0.404939
0.404991
0.404953
0.404955
0.404978
0.405013
0.40504
0.405121
0.405101
0.405065
0.405077
0.405077
0.405052
0.405063
0.405036
0.405048
0.405079
0.405042
0.405074
0.405039
0.405042
0.405056
0.405075
0.405073
0.405072
0.405109
0.405219
0.405233
0.40522
0.405216
0.405089
0.405047
0.405045
0.405058
0.405074
0.405037
0.405027
0.405007
0.404938
0.404937
0.404982
0.405057
0.40511
0.405135
0.405162
0.405187
0.405186
0.405169
0.405142
0.405188
0.405125
0.405154
0.405177
0.405209
0.405219
0.405244
0.40528
0.405307
0.40535
0.405356
0.405379
0.405327
0.405278
0.405293
0.405279
0.405346
0.40533
0.405299
0.405339
0.405395
0.405373
0.405423
0.405529
0.405538
0.405539
0.405571
0.405595
0.405587
0.405668
0.405699
0.405648
0.405632
0.40566
0.405713
0.405757
0.405765
0.405787
0.405785
0.405804
0.405841
0.405844
0.405883
0.405872
0.405892
0.405921
0.4059
0.405838
0.405833
0.405863
0.405872
0.405876
0.405824
0.405836
0.405818
0.405875
0.405773
0.405792
0.405791
0.405795
0.405785
0.405788
0.405843
0.40585
0.405869
0.405969
0.406066
0.406107
0.406144
0.406099
0.405993
0.405992
0.405968
0.406023
0.406013
0.405985
0.406024
0.406054
0.406097
0.406042
0.406041
0.406045
0.40607
0.406105
0.406079
0.40613
0.406149
0.406186
0.406202
0.406304
0.406324
0.40639
0.406398
0.406431
0.406475
0.406493
0.406516
0.406554
0.406556
0.406547
0.406488
0.406519
0.406556
0.406552
0.40659
0.406624
0.406653
0.406755
0.406745
0.406755
0.406782
0.406746
0.406755
0.406718
0.406708
0.406753
0.406595
0.406123
0.405659
0.405305
0.405314
0.405337
0.405365
0.405406
0.40542
0.405423
0.405478
0.405466
0.405475
0.405529
0.405527
0.4055
0.405501
0.405502
0.405442
0.405497
0.405525
0.405496
0.405528
0.40548
0.405484
0.405506
0.405493
0.405513
0.405501
0.405458
0.405412
0.405446
0.405235
0.405258
0.405264
0.405266
0.405284
0.40533
0.405313
0.40526
0.405272
0.405323
0.405346
0.405369
0.405412
0.405465
0.405466
0.405475
0.405472
0.4055
0.405508
0.405519
0.405524
0.405537
0.405491
0.405492
0.405476
0.405494
0.405543
0.405583
0.405591
0.405597
0.405627
0.405586
0.405573
0.405597
0.405615
0.40561
0.4056
0.405593
0.405573
0.405535
0.405543
0.405529
0.405467
0.40544
0.405457
0.405438
0.40544
0.405436
0.405398
0.405427
0.405422
0.405433
0.405413
0.405427
0.405432
0.405445
0.40546
0.4054
0.405402
0.40544
0.405503
0.405521
0.405545
0.405519
0.405532
0.405512
0.40552
0.405576
0.405531
0.405555
0.405598
0.405632
0.405618
0.405612
0.405642
0.405566
0.405584
0.405613
0.405665
0.405657
0.405731
0.405767
0.405699
0.40568
0.405679
0.405637
0.405677
