0
0.27
0.342536
0.385917
0.390383
0.401578
0.403047
0.412731
0.418373
0.424545
0.426193
0.424519
0.425143
0.42666
0.431742
0.432067
0.432776
0.43247
0.43081
0.4316
0.432521
0.433929
0.435629
0.435772
0.437585
0.438503
0.438858
0.43913
0.437385
0.437996
0.437943
0.436208
0.432964
0.432603
0.432147
0.43172
0.430798
0.430373
0.428662
0.429221
0.42935
0.429231
0.428608
0.42784
0.42691
0.427438
0.427207
0.426737
0.425063
0.423443
0.423062
0.421983
0.421192
0.41879
0.417661
0.41649
0.416073
0.415356
0.414495
0.4141
0.413476
0.413342
0.413074
0.412358
0.411231
0.410184
0.410411
0.409076
0.408383
0.407028
0.406656
0.405658
0.40524
0.404534
0.404267
0.403854
0.403289
0.402033
0.402349
0.402235
0.401998
0.401696
0.401163
0.40124
0.400589
0.400295
0.399735
0.39924
0.398542
0.398377
0.398179
0.398291
0.398042
0.397889
0.397399
0.397076
0.396982
0.397427
0.39722
0.396848
0.396846
0.39695
0.396759
0.396574
0.396648
0.396171
0.395991
0.395647
0.395447
0.395392
0.395141
0.394973
0.394946
0.395157
0.395217
0.395042
0.395002
0.394975
0.395148
0.395273
0.395254
0.395555
0.395491
0.395848
0.396155
0.394871
0.394997
0.394868
0.395026
0.395197
0.395074
0.395122
0.395078
0.395143
0.395252
0.395325
0.395559
0.395269
0.395236
0.395393
0.395233
0.394722
0.394591
0.394517
0.394769
0.39498
0.393614
0.393674
0.393675
0.393806
0.393654
0.393691
0.393942
0.3941
0.394066
0.394111
0.394021
0.394062
0.393918
0.394075
0.394115
0.394169
0.3944
0.394527
0.39495
0.395181
0.395244
0.394932
0.394784
0.394875
0.395121
0.39509
0.395193
0.395274
0.395597
0.395527
0.395231
0.395214
0.39517
0.395123
0.395282
0.395422
0.395689
0.395546
0.395211
0.395315
0.394292
0.392272
0.390249
0.389083
0.388883
0.388394
0.388175
0.387724
0.38744
0.387067
0.38697
0.386764
0.386437
0.386144
0.385887
0.385618
0.385149
0.384963
0.384692
0.3845
0.384262
0.38396
0.383652
0.383412
0.383345
0.382963
0.382862
0.38284
0.382579
0.382509
0.382488
0.382333
0.382053
0.381952
0.381665
0.381563
0.381495
0.381222
0.380832
0.380698
0.380718
0.380661
0.38053
0.380241
0.380036
0.379804
0.379856
0.379641
0.379275
0.378792
0.378708
0.378481
0.378354
0.378194
0.378005
0.377923
0.377843
0.377723
0.377693
0.377669
0.377747
0.377733
0.377509
0.377424
0.377229
0.377226
0.377055
0.377109
0.376833
0.376655
0.376522
0.376438
0.376349
0.376283
0.376292
0.374884
0.373565
0.372167
0.37078
0.369514
0.368207
0.366921
0.366637
0.366137
0.365865
0.365535
0.365277
0.364935
0.364594
0.364183
0.363947
0.363663
0.363537
0.363225
0.362997
0.362443
0.361903
0.361651
0.361389
0.360762
0.360529
0.360354
0.360136
0.359834
0.359546
0.359193
0.358953
0.358597
0.358305
0.358132
0.357844
0.357707
0.357652
0.357403
0.357316
0.357217
0.357041
0.356751
0.356501
0.356164
0.355941
0.355752
0.355618
0.355412
0.355087
0.354924
0.354803
0.35458
0.354344
0.354132
0.353866
0.353628
0.353359
0.353178
0.352979
0.352818
0.352488
0.352325
0.352171
0.351974
0.351432
0.351141
0.350968
0.350771
0.350575
0.35034
0.350235
0.349925
0.349765
0.349597
0.349315
0.34903
0.348875
0.348694
0.348585
0.348477
0.348212
0.347998
0.347764
0.347503
0.34731
0.347152
0.346866
0.346741
0.346523
0.346274
0.345995
0.345819
0.345676
0.345369
0.345248
0.345046
0.344899
0.344615
0.344433
0.34436
0.344193
0.343939
0.34328
0.34303
0.342834
0.34267
0.342149
0.341934
0.341817
0.341682
0.341561
0.341306
0.341145
0.341086
0.340993
0.340809
0.340686
0.340478
0.340318
0.340248
0.340058
0.339766
0.339616
0.339548
0.33948
0.339234
0.339015
0.339016
0.338899
0.338862
0.338684
0.338617
0.338486
0.338432
0.338374
0.338257
0.338138
0.338126
0.338068
0.337948
0.337795
0.337728
0.337495
0.337375
0.337316
0.337173
0.337115
0.336887
0.336777
0.336484
0.336479
0.336455
0.33636
0.336231
0.336236
0.336056
0.336051
0.335943
0.335829
0.335677
0.335486
0.335413
0.335359
0.335433
0.335382
0.335377
0.335345
0.335281
0.33523
0.33504
0.334912
0.334862
0.33496
0.334952
0.334991
0.33484
0.334794
0.334677
0.334703
0.334705
0.334574
0.334497
0.334278
0.333572
0.3333
0.333214
0.333123
0.333013
0.332827
0.332676
0.332641
0.332463
0.332369
0.332231
0.332164
0.332102
0.332057
0.331971
0.331916
0.331844
0.331802
0.331741
0.331539
0.331424
0.331235
0.331199
0.331178
0.331113
0.331089
0.331012
0.330971
0.330946
0.330932
0.33085
0.330859
0.33087
0.33085
0.330502
0.330437
0.330342
0.330266
0.330278
0.330217
0.330127
0.330054
0.329994
0.329916
0.329892
0.329836
0.329774
0.329617
0.329602
0.329535
0.329522
0.329518
0.329316
0.32921
0.329115
0.329146
0.329127
0.329128
0.329067
0.329037
0.328891
0.328851
0.328772
0.328662
0.328652
0.328574
0.328574
0.328454
0.328372
0.328383
0.328346
0.328294
0.328268
0.328253
0.328213
0.32811
0.328098
0.328013
0.327991
0.327975
0.327912
0.327951
0.327898
0.327781
0.327721
0.327649
0.327695
0.327604
0.327579
0.3276
0.327557
0.327487
0.327458
0.327423
0.327426
0.327433
0.327398
0.327385
0.327377
0.327417
0.327321
0.327295
0.327226
0.327219
0.327203
0.327056
0.327083
0.327083
0.326917
0.326892
0.326886
0.326831
0.326871
0.32674
0.326546
0.32647
0.326391
0.326329
0.326273
0.326275
0.326194
0.326111
0.326106
0.326043
0.32599
0.325983
0.325886
0.325839
0.325867
0.32585
0.325847
0.325851
0.325867
0.325891
0.325811
0.325742
0.32567
0.325731
0.32573
0.325748
0.325741
0.325576
0.32565
0.325669
0.325634
0.325491
0.32552
0.325519
0.325502
0.325523
0.325434
0.32539
0.325397
0.325224
0.325242
0.32518
0.325126
0.325082
0.325021
0.325026
0.32503
0.324983
0.324981
0.325033
0.325024
0.32492
0.324929
0.324959
0.324955
0.324905
0.324886
0.324881
0.324876
0.32482
0.324795
0.324792
0.324754
0.324659
0.324569
0.324509
0.324501
0.324472
0.324444
0.32446
0.324414
0.324406
0.324414
0.3245
0.324472
0.324428
0.32444
0.324472
0.324406
0.324412
0.324427
0.324428
0.324365
0.324391
0.324198
0.323965
0.323931
0.323948
0.323973
0.323932
0.323997
0.324008
0.323972
0.323992
0.324003
0.324012
0.323943
0.323993
0.323946
0.323864
0.323837
0.323805
0.323767
0.323696
0.323696
0.323559
0.323574
0.323499
0.323532
0.323577
0.323626
0.323591
0.323549
0.323469
0.323473
0.323448
0.323501
0.323474
0.323465
0.323473
0.323454
0.323435
0.323471
0.323412
0.323386
0.323353
0.32334
0.323422
0.323409
0.323415
0.323432
0.323372
0.323359
0.323337
0.323285
0.323322
0.323302
0.323328
0.323344
0.323325
0.323326
0.323328
0.323352
0.323375
0.323328
0.32332
0.32334
0.323307
0.323365
0.323407
0.323406
0.323339
0.323402
0.323411
0.323354
0.323385
0.323376
0.323403
0.323408
0.323445
0.323523
0.323534
0.323539
0.323595
0.323664
0.32364
0.323695
0.323657
0.323669
0.323676
0.323699
0.323712
0.323682
0.323631
0.323595
0.323615
0.32357
0.323562
0.323574
0.323591
0.32361
0.323636
0.323649
0.323681
0.323658
0.323664
0.323639
0.323649
0.32351
0.323524
0.323557
0.323514
0.323557
0.323621
0.323588
0.323651
0.323679
0.323632
0.323633
0.323688
0.323714
0.323713
0.323701
0.323646
0.323651
0.323655
0.323648
0.323649
0.323582
0.323544
0.32358
0.323602
0.323666
0.32369
0.323666
0.323669
0.323656
0.323703
0.323629
0.323546
0.323574
0.323562
0.323584
0.323573
0.323491
0.323491
0.323428
0.323451
0.3234
0.323435
0.323411
0.323459
0.323465
0.323393
0.323398
0.323424
0.323452
0.32339
0.323325
0.323305
0.323325
0.323346
0.323315
0.323348
0.323333
0.323334
0.32331
0.323346
0.323343
0.32337
0.323305
0.323335
0.32337
0.323387
0.323407
0.323463
0.323486
0.323511
0.323541
0.3235
0.323504
0.323474
0.323523
0.323521
0.323555
0.323595
0.323607
0.323583
0.32364
0.323655
0.323701
0.323779
0.323767
0.323765
0.323741
0.323757
0.323788
0.323776
0.323815
0.323801
0.323835
0.323863
0.323894
0.323885
0.323875
0.323909
0.323897
0.323867
0.323877
0.323892
0.323872
0.323855
0.323874
0.323907
0.323899
0.323946
0.323939
0.323928
0.323975
0.323999
0.323941
0.323996
0.323992
0.323954
0.323968
0.323979
0.324011
0.324029
0.324073
0.324072
0.32412
0.324112
0.324161
0.324163
0.324154
0.324145
0.324168
0.324173
0.324184
0.324212
0.324172
0.324195
0.324195
0.323955
0.323623
0.323273
0.323018
0.322932
0.322935
0.322937
0.322936
0.322908
0.322904
0.322919
0.322887
0.322876
0.322844
0.322878
0.322869
0.322915
0.322902
0.322929
0.322927
0.322914
0.32289
0.322877
0.322901
0.322893
0.322925
0.322982
0.323006
0.323052
0.323084
0.323032
0.323074
0.322885
0.322848
0.322877
0.322879
0.322847
0.322848
0.322816
0.32271
0.322715
0.322734
0.322722
0.32277
0.322737
0.322723
0.322725
0.322695
0.322707
0.322682
0.322635
0.322655
0.322639
0.322643
0.32265
0.322618
0.322618
0.322599
0.322535
0.322524
0.322498
0.322504
0.322508
0.322473
0.322494
0.322543
0.322529
0.322549
0.322594
0.322576
0.322552
0.322557
0.322556
0.322532
0.322545
0.322558
0.322562
0.322571
0.322583
0.322596
0.322612
0.322612
0.322609
0.322611
0.322663
0.322657
0.32264
0.322645
0.322667
0.322655
0.322628
0.322627
0.322657
0.322639
0.322703
0.322718
0.322795
0.322776
0.32272
0.322697
0.32271
0.322658
0.322655
0.322622
0.322673
0.322676
0.322663
0.322625
0.322648
0.322638
0.32268
0.322697
0.322726
0.322682
0.322711
0.322684
0.322663
0.322653
0.322653
