0.85
0.846271
0.836879
0.839098
0.834641
0.836973
0.837098
0.842306
0.841963
0.84297
0.825144
0.810566
0.797862
0.789428
0.782442
0.776681
0.771398
0.768571
0.763116
0.757169
0.747411
0.738672
0.729783
0.721901
0.714492
0.70732
0.701527
0.694015
0.688448
0.68319
0.675999
0.668316
0.660524
0.654102
0.64977
0.644837
0.639557
0.634348
0.628992
0.625477
0.619326
0.613656
0.607849
0.603387
0.598856
0.594469
0.590758
0.586035
0.582435
0.57854
0.573792
0.570165
0.566697
0.561296
0.557226
0.554409
0.551072
0.547296
0.543098
0.540596
0.537466
0.534909
0.53245
0.52886
0.525986
0.523081
0.519847
0.517808
0.515641
0.513387
0.511653
0.509754
0.507497
0.505631
0.503948
0.502019
0.500195
0.499094
0.497525
0.495732
0.495138
0.494297
0.493239
0.492153
0.49116
0.490985
0.490269
0.489714
0.488341
0.487689
0.487788
0.487371
0.487575
0.487333
0.487512
0.487939
0.487948
0.487719
0.48795
0.488102
0.488653
0.488541
0.48875
0.488814
0.48918
0.489179
0.48885
0.488924
0.489456
0.490004
0.490526
0.490887
0.490775
0.490816
0.489545
0.489602
0.48953
0.489335
0.48934
0.489646
0.489646
0.489861
0.490126
0.489967
0.489724
0.489927
0.490269
0.490427
0.490981
0.490924
0.490488
0.490001
0.490093
0.490019
0.489939
0.488061
0.488298
0.488227
0.48839
0.488227
0.488328
0.488419
0.488252
0.488035
0.487919
0.487558
0.487539
0.487593
0.487817
0.487533
0.487709
0.48785
0.487586
0.487208
0.486994
0.487387
0.487336
0.487462
0.487765
0.487752
0.487637
0.487966
0.487862
0.487823
0.487667
0.487811
0.487736
0.487689
0.487833
0.48788
0.488055
0.48791
0.487904
0.488037
0.488138
0.486612
0.484088
0.481429
0.480043
0.479913
0.479987
0.479937
0.479806
0.479876
0.479878
0.479715
0.479674
0.479775
0.480013
0.480307
0.480404
0.480491
0.480713
0.480791
0.480569
0.480576
0.480579
0.48063
0.480464
0.480474
0.480412
0.480506
0.480714
0.4807
0.480756
0.480775
0.480891
0.480723
0.480781
0.480836
0.480911
0.480945
0.48097
0.481339
0.48134
0.481451
0.481423
0.481489
0.481628
0.481696
0.481716
0.481598
0.481704
0.481518
0.48093
0.480866
0.480973
0.481108
0.481048
0.480924
0.481031
0.481046
0.48094
0.481241
0.481274
0.481305
0.481414
0.481306
0.48128
0.481114
0.481062
0.480977
0.481147
0.481026
0.481071
0.480984
0.481016
0.481402
0.481595
0.481552
0.479801
0.477968
0.476214
0.474597
0.472709
0.470837
0.469043
0.469308
0.469224
0.469255
0.469417
0.469584
0.469714
0.469706
0.469805
0.469665
0.469814
0.469898
0.470086
0.470181
0.469905
0.469824
0.469597
0.469651
0.46905
0.469126
0.469193
0.469373
0.469234
0.46923
0.469368
0.469315
0.469362
0.469638
0.469739
0.469895
0.469941
0.470105
0.470173
0.470332
0.470418
0.470603
0.470619
0.470715
0.470698
0.470697
0.47088
0.471008
0.471131
0.471108
0.471384
0.471564
0.471515
0.471479
0.471454
0.471342
0.471456
0.471562
0.471583
0.471702
0.471898
0.471797
0.471923
0.472073
0.472243
0.471709
0.471828
0.471903
0.472047
0.472218
0.472458
0.47254
0.47242
0.472558
0.4726
0.47248
0.472605
0.47281
0.472806
0.472665
0.472581
0.472356
0.472381
0.472489
0.47261
0.472641
0.472859
0.472943
0.473063
0.473071
0.473156
0.473223
0.473201
0.473131
0.473158
0.473074
0.47298
0.473057
0.473023
0.473096
0.473127
0.473161
0.473296
0.472368
0.472423
0.472428
0.472387
0.471585
0.471739
0.471791
0.471892
0.471997
0.471909
0.472
0.472036
0.472084
0.472189
0.47225
0.472342
0.472375
0.472517
0.4726
0.472606
0.472543
0.472785
0.472723
0.472595
0.472699
0.472724
0.47282
0.472866
0.472887
0.473045
0.473085
0.473106
0.473049
0.473147
0.473156
0.473088
0.473207
0.473255
0.473328
0.473472
0.473464
0.473548
0.473653
0.473724
0.473842
0.473913
0.473991
0.473709
0.473789
0.473722
0.473772
0.47378
0.473865
0.473951
0.473972
0.473947
0.473974
0.474155
0.474148
0.474149
0.474263
0.474306
0.474328
0.47453
0.474599
0.474601
0.474661
0.474854
0.474907
0.47481
0.474831
0.474822
0.474901
0.47491
0.474936
0.475111
0.475147
0.475101
0.47517
0.475322
0.475078
0.473973
0.473541
0.473616
0.473717
0.473667
0.473681
0.47373
0.473779
0.473813
0.473844
0.473991
0.474131
0.474198
0.474229
0.47414
0.47421
0.474254
0.474161
0.474097
0.474084
0.474062
0.474146
0.474276
0.474379
0.474431
0.474432
0.474445
0.474429
0.474449
0.474452
0.474488
0.474507
0.474631
0.474609
0.474205
0.47418
0.474347
0.474358
0.474438
0.474558
0.474509
0.474567
0.474571
0.47456
0.474672
0.474612
0.47458
0.474539
0.474574
0.47458
0.474596
0.474596
0.474394
0.474456
0.47461
0.47464
0.474674
0.474706
0.474722
0.474733
0.474795
0.474793
0.474843
0.4748
0.474767
0.474761
0.474666
0.474733
0.474744
0.474679
0.474693
0.474699
0.474655
0.474605
0.474586
0.474603
0.474651
0.4747
0.474778
0.474789
0.474781
0.474783
0.474669
0.474626
0.474643
0.474635
0.474692
0.474596
0.474598
0.474752
0.474672
0.474609
0.47467
0.474678
0.474745
0.474813
0.47477
0.47486
0.474891
0.474883
0.474789
0.474782
0.474701
0.474677
0.474735
0.474445
0.474503
0.474454
0.474236
0.474247
0.474258
0.474282
0.474195
0.474202
0.473924
0.473811
0.473735
0.473697
0.473655
0.473612
0.473601
0.473432
0.473477
0.473495
0.47339
0.473337
0.473195
0.473238
0.473115
0.473056
0.472943
0.472897
0.472852
0.472819
0.472828
0.472814
0.472806
0.472748
0.472581
0.472584
0.472676
0.472417
0.472445
0.472339
0.472335
0.472318
0.472353
0.472255
0.47217
0.472106
0.472132
0.472118
0.472037
0.471898
0.47189
0.47186
0.471841
0.471806
0.471769
0.471687
0.471746
0.471732
0.4716
0.47165
0.471622
0.471513
0.471505
0.471428
0.471338
0.471325
0.471282
0.471232
0.471174
0.471177
0.47111
0.471146
0.471129
0.471009
0.470956
0.47086
0.470903
0.470757
0.470617
0.47056
0.470539
0.470455
0.470419
0.470427
0.470435
0.470408
0.470376
0.470326
0.470309
0.470246
0.470232
0.470143
0.470155
0.470136
0.469917
0.469647
0.46956
0.46958
0.469546
0.469483
0.469449
0.469457
0.469444
0.46938
0.469339
0.46942
0.469446
0.469372
0.469309
0.469108
0.469111
0.469074
0.469143
0.469166
0.469188
0.46915
0.469065
0.468895
0.468772
0.46886
0.468847
0.468797
0.468838
0.468867
0.468837
0.468847
0.468839
0.468828
0.468888
0.468874
0.468844
0.468851
0.468848
0.46883
0.468799
0.468872
0.468823
0.468794
0.468792
0.46886
0.468832
0.468838
0.468811
0.468824
0.468791
0.468807
0.46877
0.468766
0.468857
0.468786
0.468768
0.46878
0.468754
0.4688
0.468819
0.46884
0.468843
0.46879
0.468841
0.468857
0.468899
0.4689
0.46896
0.469005
0.468905
0.468978
0.469006
0.468985
0.469037
0.469064
0.469123
0.469068
0.469122
0.469119
0.469102
0.469096
0.469095
0.469036
0.468973
0.469016
0.468954
0.469028
0.469062
0.469055
0.469106
0.469136
0.469219
0.469191
0.469245
0.46935
0.469366
0.469432
0.469438
0.469465
0.469567
0.469604
0.469648
0.469683
0.469523
0.469477
0.469448
0.469472
0.469429
0.469459
0.469437
0.469459
0.469489
0.469505
0.469579
0.469608
0.469613
0.469621
0.469648
0.469658
0.46975
0.469803
0.469794
0.46978
0.469719
0.469759
0.469714
0.46972
0.469801
0.469806
0.469835
0.469789
0.469801
0.469809
0.469776
0.469729
0.469753
0.469766
0.469773
0.469816
0.469897
0.469958
0.470002
0.470055
0.470063
0.470043
0.470043
0.470011
0.469998
0.469921
0.4699
0.469897
0.469935
0.469962
0.469889
0.46989
0.469944
0.469978
0.469983
0.470028
0.470103
0.470105
0.470155
0.4702
0.470169
0.470217
0.470232
0.470259
0.470277
0.470299
0.47036
0.470456
0.470528
0.470555
0.47068
0.470679
0.470758
0.470814
0.470921
0.470894
0.470934
0.470989
0.471047
0.47112
0.471123
0.471174
0.471264
0.471253
0.471277
0.471316
0.471379
0.47143
0.471482
0.471453
0.471454
0.471484
0.471539
0.471589
0.471621
0.471621
0.471665
0.471653
0.47167
0.471708
0.471802
0.471867
0.471856
0.471854
0.471854
0.471838
0.471839
0.471914
0.471925
0.47202
0.472109
0.47219
0.472274
0.472319
0.472298
0.472307
0.472346
0.472294
0.472349
0.472364
0.472415
0.472429
0.472509
0.472557
0.47261
0.472669
0.472689
0.472682
0.472715
0.472777
0.472801
0.472776
0.47285
0.472896
0.472934
0.472704
0.472194
0.471659
0.471287
0.471243
0.471245
0.471253
0.471343
0.471363
0.471431
0.4715
0.471563
0.471629
0.471648
0.471681
0.471775
0.47176
0.471812
0.471881
0.471888
0.471896
0.471911
0.471966
0.471963
0.471973
0.471966
0.472049
0.471996
0.471989
0.471997
0.471982
0.472031
0.471766
0.471775
0.471805
0.471804
0.471852
0.471835
0.471862
0.471729
0.471728
0.471734
0.471727
0.471743
0.471736
0.471769
0.471789
0.471764
0.471774
0.471847
0.471846
0.471833
0.471888
0.471939
0.471928
0.471916
0.471923
0.471926
0.471998
0.472006
0.472042
0.472035
0.472075
0.472073
0.472118
0.47212
0.472125
0.472213
0.472261
0.472282
0.472306
0.472278
0.472271
0.472266
0.47229
0.472334
0.472339
0.472334
0.472346
0.472361
0.472339
0.472354
0.47241
0.472414
0.472403
0.472417
0.472408
0.472472
0.472483
0.472497
0.472511
0.472551
0.472563
0.472605
0.47262
0.472663
0.472647
0.472652
0.472685
0.4727
0.472676
0.472712
0.472755
0.472767
0.472786
0.472842
0.472859
0.472808
0.472795
0.472804
0.472815
0.472852
0.472934
0.472928
0.472945
0.472924
0.472942
0.472973
0.472993
