0
0.575581
0.587317
0.586589
0.582304
0.576587
0.58072
0.587355
0.584967
0.580994
0.583765
0.577615
0.579958
0.581633
0.579997
0.579562
0.57718
0.576604
0.575872
0.575576
0.57599
0.574515
0.573
0.567802
0.565303
0.564421
0.563188
0.560887
0.559301
0.558133
0.556855
0.554034
0.553394
0.551497
0.550494
0.549623
0.548988
0.54847
0.544912
0.544857
0.544965
0.542709
0.541022
0.540233
0.538733
0.537146
0.536134
0.535913
0.534918
0.534148
0.533571
0.531744
0.530188
0.529653
0.528407
0.527312
0.527104
0.526611
0.526301
0.525654
0.524196
0.523835
0.523199
0.522071
0.52191
0.521717
0.52137
0.520638
0.519815
0.519748
0.519248
0.518914
0.518699
0.518299
0.516759
0.516199
0.515965
0.515682
0.515001
0.514049
0.513991
0.51344
0.5128
0.512181
0.511104
0.50831
0.506939
0.505958
0.504625
0.503747
0.503377
0.502938
0.502692
0.501811
0.501703
0.50079
0.499764
0.498992
0.498134
0.497679
0.496721
0.496331
0.495669
0.495046
0.492701
0.492606
0.492232
0.491531
0.490867
0.490584
0.48995
0.489587
0.488912
0.488511
0.48788
0.487517
0.487132
0.486565
0.485978
0.485562
0.485339
0.484988
0.484449
0.484236
0.484427
0.484028
0.483629
0.482664
0.481857
0.481432
0.480993
0.481022
0.480866
0.480681
0.480327
0.480231
0.479931
0.479808
0.479279
0.478999
0.478577
0.47847
0.47811
0.477995
0.477841
0.47753
0.477208
0.477128
0.47691
0.477037
0.476979
0.47691
0.476482
0.476417
0.476453
0.476254
0.476051
0.47586
0.475548
0.475472
0.475687
0.47575
0.475613
0.475664
0.475484
0.475328
0.47516
0.475129
0.475103
0.474873
0.474659
0.474607
0.474214
0.474169
0.474062
0.473997
0.47417
0.474192
0.474177
0.473901
0.473911
0.473673
0.473722
0.473662
0.473836
0.474132
0.473976
0.473851
0.473779
0.473866
0.473812
0.473653
0.473505
0.473299
0.473173
0.473142
0.473115
0.472888
0.472667
0.472784
0.472883
0.472924
0.473111
0.473106
0.473187
0.473199
0.473332
0.473198
0.473012
0.473044
0.472956
0.47287
0.472858
0.472761
0.472835
0.472934
0.472854
0.472541
0.472387
0.472549
0.472583
0.472524
0.472462
0.472493
0.472465
0.47222
0.472266
0.471986
0.47005
0.468135
0.466249
0.465885
0.465566
0.465417
0.465062
0.464766
0.464564
0.464471
0.464077
0.463755
0.463474
0.463322
0.463095
0.463051
0.462744
0.462514
0.462324
0.462168
0.461869
0.46155
0.461428
0.46126
0.461152
0.460968
0.46053
0.460394
0.460244
0.459913
0.45967
0.459659
0.459542
0.45923
0.458992
0.458778
0.458595
0.458514
0.458352
0.45817
0.457723
0.457475
0.457464
0.457216
0.45696
0.456696
0.456708
0.456316
0.456365
0.456212
0.455902
0.455699
0.455413
0.455085
0.455069
0.454905
0.454836
0.45481
0.454695
0.454476
0.454414
0.454454
0.454195
0.454139
0.453968
0.453941
0.453792
0.45334
0.453229
0.453108
0.452764
0.452648
0.452492
0.452342
0.452211
0.451897
0.451905
0.451782
0.451754
0.451584
0.451445
0.451188
0.451077
0.450892
0.450751
0.450605
0.450365
0.450236
0.450019
0.449851
0.44977
0.449541
0.44934
0.449221
0.449071
0.448931
0.448507
0.44797
0.447924
0.447739
0.447733
0.447613
0.447458
0.447297
0.447147
0.447105
0.447029
0.446787
0.446645
0.445954
0.445861
0.44569
0.445658
0.445452
0.445297
0.445119
0.44506
0.445051
0.444868
0.444703
0.444732
0.444654
0.444478
0.444407
0.444274
0.444007
0.443756
0.443678
0.443615
0.443416
0.443219
0.443085
0.442927
0.442842
0.442711
0.442532
0.442434
0.442283
0.442172
0.442177
0.442152
0.442147
0.442124
0.442072
0.441978
0.442014
0.441877
0.441888
0.441795
0.441893
0.441725
0.441518
0.441484
0.441334
0.441252
0.44124
0.441171
0.441182
0.441111
0.441149
0.441069
0.440965
0.44092
0.441009
0.440916
0.440902
0.44079
0.440728
0.4407
0.440616
0.440636
0.440625
0.440666
0.440641
0.440555
0.440497
0.440354
0.440132
0.440144
0.440032
0.439997
0.439946
0.43994
0.439894
0.439866
0.439987
0.43997
0.43988
0.439964
0.439866
0.439722
0.439693
0.439606
0.439601
0.439473
0.439365
0.439329
0.439229
0.439175
0.439153
0.438995
0.43904
0.438964
0.439017
0.438974
0.438885
0.438825
0.43879
0.438851
0.438648
0.438543
0.438491
0.438546
0.438538
0.438447
0.438451
0.438412
0.438389
0.43838
0.438388
0.438368
0.438234
0.438214
0.438284
0.438036
0.437694
0.437628
0.437566
0.43755
0.437554
0.437507
0.437569
0.437497
0.437535
0.4376
0.437516
0.437507
0.437456
0.437461
0.437446
0.437528
0.437467
0.437532
0.437422
0.437534
0.437448
0.437451
0.43741
0.437446
0.437384
0.43744
0.437488
0.437459
0.437519
0.437399
0.437395
0.437382
0.437397
0.437339
0.437351
0.437331
0.437295
0.437346
0.437257
0.437313
0.437274
0.437251
0.437257
0.437287
0.4373
0.437234
0.43711
0.437044
0.436889
0.436853
0.436883
0.436885
0.43687
0.436836
0.436851
0.436904
0.436942
0.436935
0.436972
0.436973
0.436958
0.436863
0.436861
0.436842
0.436866
0.436794
0.436807
0.43679
0.43665
0.436624
0.43655
0.43652
0.436478
0.436538
0.436485
0.436435
0.436415
0.436479
0.436534
0.436513
0.436627
0.436631
0.436668
0.436652
0.436629
0.436649
0.436618
0.436602
0.436596
0.436588
0.436621
0.436594
0.436658
0.436692
0.436662
0.436745
0.436823
0.436744
0.436699
0.436665
0.43664
0.436528
0.436102
0.436173
0.436126
0.436035
0.435985
0.436084
0.436096
0.436048
0.43605
0.436029
0.435997
0.435962
0.436026
0.436049
0.436089
0.435991
0.435847
0.435915
0.435904
0.43584
0.435843
0.435821
0.435796
0.435767
0.435757
0.435805
0.43588
0.435932
0.435928
0.435928
0.435968
0.435956
0.435795
0.435778
0.435858
0.435919
0.436032
0.436047
0.4361
0.436104
0.436139
0.436136
0.43612
0.436066
0.436054
0.436074
0.436053
0.435986
0.435949
0.435924
0.435963
0.436008
0.435992
0.435996
0.436007
0.436098
0.436118
0.436054
0.436004
0.436018
0.436008
0.436072
0.435998
0.436095
0.436123
0.436103
0.43565
0.435538
0.435536
0.435511
0.435479
0.435439
0.435429
0.435416
0.435392
0.435437
0.435451
0.435422
0.4349
0.434789
0.434805
0.434514
0.434488
0.43452
0.434458
0.434468
0.434487
0.434462
0.434409
0.434445
0.434463
0.434439
0.434457
0.434408
0.434406
0.434436
0.434388
0.43436
0.434435
0.434396
0.434384
0.434372
0.43435
0.434368
0.434318
0.434264
0.434252
0.434272
0.434213
0.43425
0.434259
0.434284
0.434296
0.434293
0.434319
0.434306
0.434273
0.434332
0.434354
0.43434
0.434311
0.434318
0.434246
0.434203
0.434173
0.43417
0.434193
0.434194
0.434144
0.434165
0.434148
0.434188
0.43416
0.434123
0.43417
0.434181
0.434252
0.434304
0.434323
0.434318
0.434251
0.434209
0.434128
0.434043
0.434053
0.43405
0.434076
0.434178
0.434178
0.434184
0.434148
0.434174
0.434146
0.434145
0.434117
0.43407
0.434026
0.434
0.433994
0.43399
0.433963
0.433782
0.433154
0.432625
0.432204
0.432183
0.432184
0.432157
0.432117
0.432034
0.432051
0.431966
0.43199
0.431952
0.431886
0.431878
0.431877
0.431877
0.43188
0.431911
0.431877
0.431883
0.43194
0.431878
0.431874
0.431843
0.431884
0.431815
0.431829
0.431849
0.4318
0.431796
0.431721
0.43168
0.431707
0.431771
0.43172
0.431764
0.431771
0.431784
0.431713
0.431156
0.430651
0.430163
0.430016
0.430072
0.430009
0.42994
0.429986
0.429914
0.429827
0.429831
0.429805
0.429676
0.429559
0.429563
0.429556
0.429581
0.429517
0.429491
0.429427
0.429422
0.429418
0.429307
0.429221
0.429205
0.429277
0.429276
0.429272
0.429247
0.429241
0.429234
0.429254
0.429205
0.429165
0.429139
0.429145
0.429056
0.428963
0.428942
0.428938
0.428913
0.428886
0.428874
0.428832
0.428856
0.428815
0.428761
0.428717
0.428722
0.428694
0.428695
0.428685
0.42872
0.428722
0.428619
0.428597
0.42863
0.428597
0.42859
0.428599
0.428621
0.428619
0.428622
0.428643
0.428593
0.428594
0.428582
0.428526
0.428538
0.428552
0.428531
0.428546
0.428575
0.428616
0.428561
0.428531
0.428465
0.428524
0.428538
0.428489
0.428487
0.42841
0.428393
0.428365
0.428303
0.42828
0.428279
0.428265
0.428237
0.428186
0.428215
0.4282
0.428138
0.428049
0.428054
0.428002
0.427928
0.427913
0.427851
0.427855
0.427847
0.427797
0.42779
0.427766
0.427809
0.427725
0.42756
0.42755
0.427537
0.427563
0.427536
0.427453
0.427425
0.427414
0.427485
0.427493
0.427472
0.427464
0.427432
0.427365
0.427236
0.427227
0.427223
0.426806
0.426766
0.426776
0.426786
0.426838
0.426791
0.426798
0.426759
0.42676
0.42672
0.426719
0.426683
0.426646
0.426642
0.426624
0.426598
0.426578
0.426596
0.426617
0.426533
0.426477
0.426461
0.426479
0.426447
0.426394
0.4264
0.426353
0.426344
0.426348
0.42632
0.426333
0.426366
0.426339
0.426308
0.426294
0.42625
0.426231
0.426154
0.42613
0.426132
0.426078
0.426127
0.426099
0.426101
0.426146
0.426127
0.426113
0.426115
0.426151
0.426123
0.426127
0.426095
0.426095
0.42606
0.426079
0.426039
0.426043
0.426034
0.425997
0.426039
0.425885
0.425859
0.425871
0.425873
0.425887
0.425953
0.425909
0.425778
0.425767
0.425783
0.425757
0.425707
0.42567
0.425719
0.425702
0.425718
0.42574
0.425681
0.425655
0.425707
0.425643
0.425628
0.425641
0.425658
0.425686
0.425685
0.425728
0.425743
0.42572
0.425693
0.425664
0.42568
0.425724
0.425757
0.425821
0.425845
0.425831
0.425846
0.425875
0.425867
0.425862
0.425869
0.425898
0.425885
0.425874
0.425894
0.425759
0.42546
0.425427
0.425397
0.425362
0.425343
0.425322
0.425355
0.425348
0.425316
0.425333
0.42537
0.425372
0.425402
0.425395
0.425392
