0
0.355372
0.42359
0.459016
0.457764
0.463306
0.471558
0.475557
0.476694
0.475978
0.477537
0.479393
0.478498
0.480013
0.482036
0.481343
0.483765
0.483642
0.484932
0.485268
0.484699
0.484449
0.48287
0.479301
0.47746
0.474912
0.471979
0.469623
0.468781
0.467625
0.466195
0.465407
0.465067
0.464907
0.463432
0.462276
0.461453
0.461201
0.459135
0.458419
0.457152
0.455357
0.453418
0.452618
0.451416
0.450492
0.45024
0.449446
0.448832
0.448668
0.447386
0.446045
0.444574
0.44463
0.443001
0.44137
0.440285
0.438943
0.438287
0.437544
0.43691
0.436515
0.436348
0.436335
0.435391
0.434549
0.433755
0.433654
0.43245
0.431428
0.430582
0.430008
0.429152
0.428814
0.427689
0.427228
0.427101
0.425787
0.42584
0.426012
0.425305
0.424846
0.424132
0.423618
0.422677
0.420652
0.419823
0.419189
0.417631
0.416555
0.415375
0.414497
0.414021
0.413416
0.41282
0.411618
0.410905
0.410086
0.409197
0.408778
0.408527
0.408412
0.407959
0.407229
0.404717
0.403807
0.403543
0.402955
0.402567
0.401947
0.401046
0.400695
0.400026
0.399342
0.398661
0.398076
0.397342
0.397311
0.396644
0.39597
0.395568
0.395123
0.394677
0.394426
0.394354
0.394011
0.393815
0.393458
0.393177
0.392897
0.392898
0.392406
0.391949
0.391551
0.391222
0.391644
0.39126
0.390892
0.390794
0.39075
0.390426
0.390226
0.389969
0.389822
0.38943
0.389142
0.388956
0.38875
0.388503
0.388492
0.388375
0.388516
0.388591
0.388446
0.388189
0.388088
0.388191
0.38829
0.388094
0.388021
0.387711
0.38738
0.387416
0.387052
0.386617
0.386401
0.386485
0.386345
0.386367
0.386443
0.386399
0.386195
0.385855
0.385824
0.385762
0.385477
0.385454
0.385532
0.385535
0.385612
0.385533
0.385227
0.385407
0.385257
0.385376
0.385493
0.385535
0.385565
0.385792
0.386149
0.386031
0.385804
0.386007
0.385845
0.385739
0.385842
0.385931
0.385801
0.385978
0.385861
0.38602
0.386128
0.386168
0.385907
0.386115
0.38616
0.386218
0.386119
0.38608
0.386077
0.386209
0.386325
0.386394
0.386419
0.386419
0.386304
0.386281
0.386292
0.386127
0.386213
0.386331
0.386414
0.386378
0.386336
0.386406
0.38646
0.386486
0.386099
0.384372
0.382812
0.381298
0.380732
0.380603
0.380165
0.379966
0.37966
0.379526
0.379164
0.37914
0.378977
0.378765
0.3786
0.378339
0.37812
0.377898
0.37774
0.37767
0.37744
0.377086
0.376961
0.376752
0.376668
0.376445
0.376446
0.376101
0.375763
0.375545
0.375503
0.375228
0.374994
0.374831
0.374609
0.37456
0.374428
0.374281
0.374166
0.373919
0.373781
0.373467
0.373239
0.373094
0.372909
0.37277
0.372461
0.372287
0.371902
0.371927
0.371796
0.371707
0.371422
0.371164
0.370934
0.370815
0.370752
0.370632
0.370426
0.370411
0.37004
0.36988
0.369814
0.369433
0.369223
0.369133
0.368894
0.368796
0.368326
0.368248
0.368101
0.367788
0.367764
0.367588
0.367572
0.367488
0.367354
0.36739
0.36731
0.367156
0.36716
0.366869
0.366779
0.366625
0.366589
0.366572
0.366352
0.366158
0.366128
0.365792
0.365666
0.365647
0.365653
0.365372
0.365249
0.365103
0.365022
0.364531
0.364002
0.363701
0.363672
0.363564
0.363474
0.363405
0.363195
0.363202
0.363183
0.362966
0.362814
0.362882
0.362362
0.362205
0.362005
0.361906
0.361792
0.361711
0.361621
0.361439
0.361315
0.361316
0.361182
0.360968
0.3608
0.360719
0.360499
0.360576
0.360576
0.360517
0.360329
0.360208
0.360258
0.360135
0.359992
0.359848
0.359771
0.359688
0.359589
0.359721
0.359589
0.359592
0.359569
0.359515
0.359422
0.359406
0.359238
0.359171
0.359047
0.358994
0.358905
0.358953
0.358962
0.358816
0.358615
0.35863
0.358536
0.358542
0.35844
0.358296
0.358179
0.358024
0.357943
0.357891
0.357778
0.357846
0.357836
0.357791
0.357709
0.357719
0.357629
0.357617
0.357408
0.357389
0.357325
0.357272
0.357214
0.357134
0.357155
0.357192
0.35707
0.357041
0.357061
0.356954
0.356844
0.356811
0.35678
0.356667
0.356731
0.35673
0.356752
0.356694
0.356601
0.356556
0.356452
0.356459
0.356382
0.356274
0.356258
0.356319
0.356283
0.356243
0.356204
0.356137
0.356131
0.356051
0.356025
0.355899
0.355808
0.355795
0.355856
0.355819
0.355776
0.355722
0.355611
0.355528
0.355478
0.355381
0.355397
0.355392
0.355384
0.355229
0.355296
0.355387
0.355549
0.355572
0.355566
0.355323
0.354972
0.354888
0.354846
0.354839
0.354908
0.354907
0.354991
0.354954
0.354912
0.35492
0.354895
0.354755
0.354615
0.354611
0.354556
0.354632
0.354609
0.354621
0.354535
0.354551
0.354567
0.354521
0.354471
0.354391
0.354424
0.354366
0.354361
0.354336
0.35442
0.354433
0.354469
0.354524
0.354495
0.354451
0.354379
0.354349
0.354245
0.354303
0.354296
0.354306
0.354287
0.354235
0.354268
0.354281
0.35435
0.354381
0.354419
0.354415
0.354388
0.354403
0.354355
0.354267
0.35424
0.35427
0.354307
0.354326
0.354311
0.354227
0.354145
0.354117
0.354183
0.354148
0.354043
0.354032
0.353989
0.354006
0.35396
0.354012
0.353974
0.353958
0.353936
0.353943
0.353946
0.353882
0.353907
0.353902
0.353924
0.353878
0.353891
0.3539
0.353845
0.35387
0.353975
0.354002
0.354092
0.354182
0.354134
0.354059
0.354123
0.354078
0.354049
0.353985
0.35401
0.354048
0.354021
0.353951
0.354061
0.353935
0.353923
0.353921
0.353954
0.353816
0.353388
0.35339
0.353397
0.353338
0.353332
0.353304
0.353337
0.353327
0.353252
0.353175
0.353226
0.353205
0.353189
0.353113
0.35318
0.353144
0.353031
0.352992
0.353073
0.353158
0.353114
0.353114
0.353187
0.353116
0.353135
0.353101
0.353152
0.353171
0.353182
0.353151
0.353233
0.353216
0.353152
0.35316
0.353169
0.353134
0.35315
0.353096
0.353119
0.353098
0.353156
0.353185
0.353177
0.353192
0.353198
0.3532
0.353232
0.353239
0.353273
0.353342
0.353422
0.353362
0.35341
0.353304
0.353338
0.353326
0.353201
0.353168
0.353149
0.353152
0.353193
0.353177
0.353111
0.353022
0.353042
0.353085
0.352677
0.352597
0.352549
0.352562
0.352576
0.352542
0.352515
0.352508
0.352527
0.35248
0.352499
0.352538
0.352107
0.352026
0.352013
0.351785
0.351778
0.351813
0.351825
0.351808
0.351823
0.35175
0.351797
0.351751
0.351685
0.351626
0.351632
0.351521
0.351475
0.351505
0.351403
0.351324
0.351316
0.351219
0.351214
0.351166
0.351191
0.351145
0.351124
0.35114
0.351053
0.351074
0.351072
0.351006
0.350939
0.350959
0.350986
0.350995
0.351055
0.351072
0.351091
0.351149
0.351132
0.351091
0.351085
0.351086
0.351155
0.3511
0.351081
0.351052
0.351132
0.351119
0.351096
0.351093
0.351114
0.351135
0.35112
0.351149
0.351173
0.351166
0.351134
0.35111
0.351139
0.351118
0.351116
0.351145
0.351119
0.35113
0.351119
0.351133
0.351162
0.351181
0.351187
0.351263
0.351189
0.351211
0.351223
0.351177
0.35115
0.351186
0.35116
0.351167
0.351227
0.351236
0.351193
0.351053
0.350596
0.350139
0.349762
0.349763
0.349732
0.349732
0.34974
0.349711
0.349709
0.349688
0.349648
0.349659
0.349643
0.349645
0.349655
0.349684
0.349748
0.349707
0.349735
0.349733
0.349722
0.349656
0.349624
0.349606
0.34958
0.349575
0.349516
0.34954
0.349489
0.349493
0.349485
0.349406
0.349351
0.34932
0.34929
0.349265
0.349255
0.349268
0.349232
0.348816
0.348363
0.347919
0.347806
0.347753
0.347706
0.347677
0.347665
0.347665
0.347656
0.347668
0.34767
0.347573
0.347543
0.347491
0.347427
0.34748
0.347533
0.347475
0.347465
0.347432
0.34746
0.347411
0.347455
0.347375
0.347315
0.347285
0.347243
0.347191
0.347146
0.347133
0.347112
0.347103
0.347084
0.347004
0.346953
0.346938
0.346865
0.346807
0.346816
0.346796
0.346772
0.346738
0.346807
0.346783
0.346757
0.346737
0.346758
0.346775
0.346765
0.346685
0.346645
0.346628
0.346622
0.346611
0.346581
0.346533
0.346535
0.346496
0.346494
0.34643
0.346486
0.346497
0.346443
0.346404
0.346355
0.346305
0.346302
0.346229
0.346231
0.346207
0.346216
0.34625
0.346233
0.346215
0.346232
0.3462
0.346216
0.346209
0.346254
0.346226
0.346132
0.346131
0.346123
0.346076
0.345992
0.345973
0.345926
0.345875
0.345871
0.345857
0.345838
0.345795
0.345717
0.345714
0.345679
0.345643
0.345601
0.345597
0.345568
0.345551
0.345562
0.34556
0.345536
0.345477
0.345444
0.345273
0.345297
0.345294
0.345328
0.345352
0.345388
0.345403
0.345489
0.345436
0.345442
0.345431
0.345416
0.345366
0.345336
0.345296
0.345265
0.345251
0.344855
0.344825
0.344801
0.344778
0.344768
0.344743
0.344739
0.344728
0.344712
0.344681
0.344692
0.344689
0.344661
0.344666
0.344662
0.344633
0.344605
0.34464
0.344563
0.344532
0.344535
0.344464
0.344429
0.344403
0.344364
0.344335
0.344369
0.344341
0.344338
0.344266
0.344254
0.344236
0.344242
0.344208
0.34423
0.344242
0.344155
0.344108
0.344085
0.34407
0.344099
0.344152
0.344162
0.344188
0.344182
0.344159
0.344104
0.344094
0.344074
0.344065
0.344032
0.344023
0.344008
0.344023
0.34401
0.343997
0.343957
0.343941
0.343912
0.343919
0.343763
0.343767
0.343775
0.34375
0.343748
0.343756
0.343731
0.343623
0.343639
0.343611
0.343576
0.343542
0.34353
0.34351
0.343519
0.343519
0.343514
0.343502
0.343515
0.343514
0.343526
0.343484
0.343481
0.343536
0.343505
0.343474
0.343459
0.34349
0.343483
0.343481
0.343478
0.343479
0.343433
0.343463
0.343413
0.343439
0.343434
0.343451
0.343423
0.343454
0.343457
0.343404
0.343437
0.343459
0.343471
0.34345
0.343283
0.342993
0.342979
0.342956
0.342982
0.342962
0.342937
0.342984
0.342952
0.342922
0.342925
0.342893
0.342805
0.342826
0.342833
0.342844
