0.810976
0.830247
0.831823
0.828464
0.833031
0.833333
0.8324
0.833648
0.83489
0.830986
0.815697
0.800693
0.791021
0.785443
0.77576
0.769732
0.762614
0.757138
0.754372
0.751868
0.742687
0.734475
0.726268
0.717335
0.711879
0.706809
0.698903
0.693969
0.687674
0.681306
0.673519
0.666823
0.658608
0.651476
0.645258
0.639593
0.633241
0.629594
0.624884
0.62216
0.616799
0.611127
0.605923
0.600616
0.596728
0.592306
0.588809
0.585137
0.581213
0.577116
0.573591
0.568935
0.564577
0.560819
0.557661
0.55296
0.549037
0.545257
0.541941
0.539422
0.535409
0.532358
0.529308
0.525867
0.523907
0.520927
0.518113
0.515194
0.512551
0.510876
0.508595
0.506652
0.503958
0.501709
0.498436
0.496695
0.495451
0.492057
0.490701
0.48902
0.487819
0.486587
0.485279
0.483959
0.483255
0.482101
0.480663
0.47999
0.478703
0.478341
0.478622
0.478224
0.478089
0.475873
0.475802
0.475896
0.47605
0.4757
0.476208
0.476074
0.475973
0.476498
0.476843
0.476359
0.476342
0.47595
0.47602
0.475759
0.475488
0.475811
0.47568
0.475646
0.475836
0.475877
0.475895
0.476435
0.475747
0.474851
0.474885
0.474696
0.474838
0.474439
0.474376
0.474387
0.474474
0.474482
0.47444
0.474519
0.474606
0.47468
0.474657
0.47485
0.474529
0.474226
0.474178
0.473917
0.474151
0.47433
0.474163
0.47426
0.474364
0.474442
0.474407
0.474914
0.475012
0.475081
0.475249
0.475292
0.474755
0.474834
0.474833
0.475123
0.475287
0.475512
0.475517
0.475599
0.475579
0.475843
0.475911
0.4759
0.475909
0.475789
0.476053
0.476165
0.476172
0.475967
0.476187
0.47632
0.476288
0.476331
0.476234
0.476259
0.476007
0.476065
0.476094
0.47625
0.476438
0.476471
0.476527
0.47623
0.475833
0.476082
0.476066
0.476012
0.476238
0.476326
0.476581
0.47647
0.476657
0.476609
0.476639
0.477159
0.477195
0.477076
0.477149
0.476906
0.476692
0.476993
0.477025
0.477077
0.477112
0.477259
0.477161
0.477025
0.477244
0.477559
0.47769
0.477768
0.477773
0.478075
0.478106
0.478064
0.478377
0.478541
0.478706
0.478869
0.478264
0.476341
0.474291
0.472279
0.471725
0.471236
0.470788
0.470504
0.470241
0.469839
0.469506
0.469192
0.469049
0.46904
0.468875
0.468665
0.468525
0.468187
0.467997
0.467809
0.467618
0.467478
0.467055
0.466873
0.466675
0.466595
0.466272
0.46598
0.46577
0.46581
0.465614
0.465524
0.465456
0.46532
0.465027
0.464885
0.464731
0.464652
0.464423
0.46411
0.464062
0.463522
0.463429
0.46328
0.463013
0.462729
0.462364
0.462272
0.461809
0.461739
0.461668
0.461447
0.461278
0.460917
0.460504
0.460123
0.459796
0.459667
0.459664
0.459496
0.459079
0.45906
0.458732
0.458382
0.458398
0.458251
0.458099
0.457909
0.457434
0.457278
0.457008
0.456629
0.45631
0.456114
0.456021
0.45582
0.455665
0.455564
0.455429
0.455329
0.455194
0.454845
0.454429
0.454099
0.453993
0.45402
0.453814
0.453808
0.453554
0.453272
0.452906
0.452771
0.452447
0.452155
0.451955
0.451683
0.451328
0.45077
0.450158
0.449965
0.450087
0.44984
0.449676
0.449588
0.449609
0.449698
0.449817
0.449757
0.449646
0.449877
0.44925
0.449245
0.449278
0.449327
0.449244
0.449362
0.449349
0.44932
0.449455
0.449564
0.449511
0.449531
0.449691
0.449724
0.449602
0.449556
0.449692
0.449543
0.449655
0.44963
0.449794
0.449716
0.449691
0.449615
0.449557
0.449547
0.449607
0.449728
0.449855
0.449853
0.449938
0.449968
0.450107
0.450074
0.450095
0.450222
0.450287
0.450293
0.450273
0.450339
0.450349
0.450283
0.450149
0.450213
0.450218
0.450212
0.45019
0.449984
0.449944
0.449997
0.449986
0.450115
0.450161
0.450249
0.450407
0.450528
0.450784
0.450896
0.450882
0.450963
0.450928
0.451046
0.451228
0.451378
0.451482
0.451608
0.451752
0.451838
0.45182
0.451838
0.45191
0.451992
0.451902
0.451951
0.452141
0.452254
0.452385
0.452587
0.452696
0.452756
0.452938
0.452974
0.453182
0.453213
0.453309
0.453162
0.453202
0.453252
0.453406
0.453502
0.453602
0.453468
0.45356
0.453602
0.453752
0.453878
0.453902
0.454023
0.454102
0.454153
0.454292
0.454345
0.454297
0.454464
0.454449
0.454319
0.454346
0.454291
0.454407
0.454318
0.454471
0.454636
0.454759
0.454872
0.454923
0.454642
0.454319
0.454345
0.454482
0.45453
0.454783
0.454937
0.455112
0.455089
0.455085
0.455221
0.455235
0.455261
0.455269
0.455334
0.455372
0.455418
0.455498
0.455512
0.455662
0.455845
0.455888
0.455849
0.455943
0.456038
0.456116
0.45623
0.456345
0.456301
0.45632
0.456466
0.456566
0.456737
0.456797
0.456918
0.457078
0.45717
0.457291
0.457338
0.457397
0.457407
0.457509
0.457469
0.457613
0.457685
0.457836
0.457868
0.45787
0.457952
0.457873
0.457952
0.457943
0.457947
0.458008
0.458124
0.458234
0.458333
0.458421
0.458491
0.458489
0.458528
0.458645
0.458709
0.458876
0.45896
0.45893
0.459012
0.459114
0.459117
0.459009
0.459136
0.459201
0.45924
0.459284
0.459398
0.459402
0.45952
0.459634
0.459805
0.45993
0.459971
0.460002
0.460045
0.460031
0.460182
0.460245
0.460348
0.460427
0.460336
0.460404
0.460421
0.460426
0.460333
0.460411
0.460375
0.460336
0.46032
0.460303
0.460151
0.460188
0.460276
0.460386
0.460217
0.459616
0.459645
0.459609
0.459585
0.45962
0.459669
0.459745
0.459718
0.45969
0.459705
0.459718
0.459754
0.459747
0.459761
0.459742
0.459752
0.459656
0.459678
0.459752
0.459727
0.459686
0.459698
0.459772
0.45984
0.459857
0.459839
0.459957
0.460019
0.459993
0.459991
0.460119
0.460231
0.460195
0.46018
0.46024
0.460247
0.460141
0.460156
0.46023
0.460208
0.460273
0.460342
0.460368
0.460465
0.460557
0.460653
0.4606
0.460574
0.460561
0.460662
0.460658
0.460676
0.460611
0.460531
0.460542
0.460571
0.460548
0.460582
0.460614
0.460631
0.460693
0.460746
0.460643
0.460664
0.460745
0.460791
0.460215
0.460156
0.460167
0.460134
0.460126
0.460162
0.460154
0.460256
0.460221
0.460285
0.460324
0.460337
0.459765
0.459688
0.459739
0.459537
0.459601
0.459632
0.459595
0.459591
0.45961
0.459623
0.459649
0.459724
0.459777
0.459869
0.459937
0.459892
0.459877
0.459936
0.459942
0.460007
0.46008
0.460012
0.46011
0.460194
0.460251
0.460177
0.460315
0.460287
0.460299
0.460254
0.460274
0.460215
0.460284
0.460372
0.460402
0.460501
0.460543
0.460562
0.460553
0.460575
0.460584
0.460676
0.460685
0.460747
0.460774
0.460854
0.460825
0.460843
0.460874
0.460819
0.460953
0.461046
0.461068
0.461091
0.461103
0.461064
0.461035
0.461111
0.461124
0.461134
0.461166
0.461276
0.461325
0.461398
0.461407
0.461371
0.461404
0.46143
0.461458
0.461516
0.461598
0.461596
0.461657
0.461673
0.461705
0.461723
0.461805
0.461896
0.461916
0.461895
0.461901
0.461952
0.461995
0.461803
0.461201
0.460573
0.460032
0.460043
0.460035
0.460087
0.460066
0.460013
0.460054
0.460065
0.460145
0.460203
0.460234
0.460275
0.460305
0.460321
0.460344
0.46036
0.460372
0.460404
0.460431
0.460518
0.460476
0.460562
0.460585
0.460648
0.460708
0.460749
0.460728
0.460797
0.460786
0.460805
0.460858
0.460962
0.460973
0.461055
0.46118
0.461176
0.461175
0.460581
0.460001
0.459415
0.459298
0.459345
0.459397
0.459446
0.45958
0.459624
0.459633
0.459769
0.459786
0.459664
0.459717
0.459737
0.459813
0.459891
0.460012
0.460062
0.460086
0.460145
0.460226
0.460256
0.460266
0.460299
0.460335
0.460382
0.460463
0.460523
0.460559
0.460666
0.46073
0.46076
0.460809
0.46084
0.460932
0.460945
0.461029
0.461047
0.461054
0.461086
0.461178
0.461236
0.46132
0.4614
0.461529
0.461563
0.461597
0.461674
0.461749
0.461849
0.461851
0.461831
0.461884
0.461923
0.461946
0.461961
0.462008
0.461989
0.462038
0.462075
0.462112
0.462151
0.462207
0.462277
0.462303
0.462382
0.462405
0.462461
0.462509
0.462555
0.462628
0.462647
0.46268
0.462665
0.462664
0.462724
0.462785
0.462785
0.462806
0.462822
0.462738
0.462787
0.462822
0.462856
0.46296
0.463011
0.463109
0.463132
0.46314
0.46317
0.463159
0.463147
0.463188
0.463175
0.463151
0.463194
0.463205
0.463266
0.463236
0.463302
0.463372
0.463333
0.463335
0.463383
0.463374
0.46326
0.463255
0.463301
0.463255
0.463264
0.463385
0.463406
0.463426
0.463456
0.463487
0.463484
0.463576
0.463583
0.463622
0.463554
0.463568
0.463549
0.46307
0.463074
0.463009
0.463007
0.463099
0.46313
0.463106
0.463094
0.46308
0.463122
0.463193
0.463212
0.463287
0.463282
0.463247
0.46325
0.46331
0.463317
0.463282
0.463248
0.463207
0.463236
0.46329
0.46333
0.463353
0.463388
0.463383
0.463422
0.463495
0.463553
0.463565
0.463586
0.463611
0.463682
0.463698
0.463692
0.463726
0.463665
0.463665
0.463651
0.463719
0.463723
0.46378
0.463851
0.463868
0.463903
0.463842
0.463903
0.463917
0.463972
0.464068
0.464136
0.464184
0.464213
0.464293
0.464376
0.464417
0.464428
0.464469
0.464482
0.464278
0.464267
0.464329
0.464414
0.464437
0.46448
0.46449
0.464365
0.464386
0.464453
0.464493
0.464511
0.464521
0.464544
0.464607
0.464622
0.464677
0.46467
0.464766
0.464771
0.46476
0.464816
0.464809
0.464845
0.464842
0.464809
0.464819
0.464869
0.464915
0.464905
0.464924
0.46498
0.465025
0.46504
0.465032
0.465046
0.465061
0.465069
0.465149
0.465155
0.465227
0.465244
0.465294
0.465314
0.46527
0.465299
0.465111
0.464721
0.464747
0.464765
0.4648
0.464862
0.464885
0.464921
0.464952
0.465007
0.465008
0.465064
0.465061
0.465092
0.465171
0.46516
