0
0.549894
0.539832
0.539903
0.539782
0.539188
0.546353
0.546488
0.549074
0.552555
0.553958
0.547846
0.527847
0.521922
0.516752
0.51068
0.50669
0.50295
0.499214
0.495294
0.492209
0.488229
0.486333
0.484499
0.481235
0.480422
0.478063
0.475234
0.47303
0.470102
0.467828
0.465896
0.465086
0.464354
0.463198
0.462207
0.460728
0.460596
0.459132
0.457082
0.45547
0.454701
0.453618
0.452614
0.452191
0.451441
0.450914
0.450667
0.450768
0.449852
0.449341
0.450119
0.450013
0.449628
0.449066
0.448361
0.447858
0.447426
0.447288
0.446619
0.446861
0.445441
0.44476
0.44484
0.443749
0.444358
0.444846
0.444868
0.445198
0.445301
0.445132
0.445459
0.445681
0.445579
0.445806
0.446288
0.446623
0.446486
0.446563
0.446611
0.446088
0.446022
0.444796
0.444647
0.444644
0.444981
0.445399
0.444933
0.445108
0.445161
0.445224
0.445338
0.445867
0.445747
0.445883
0.445862
0.445363
0.445105
0.444698
0.443546
0.44403
0.444495
0.444178
0.444237
0.44387
0.444063
0.442994
0.443016
0.442894
0.442882
0.442761
0.442715
0.442524
0.442657
0.443218
0.443094
0.443227
0.442978
0.443108
0.443473
0.443295
0.443093
0.443202
0.443345
0.443016
0.44312
0.442971
0.443165
0.44298
0.442708
0.442771
0.443403
0.443511
0.443564
0.44353
0.443375
0.443626
0.443778
0.444109
0.444144
0.444246
0.444143
0.443813
0.444218
0.444519
0.444569
0.4446
0.444616
0.444733
0.44502
0.445463
0.44585
0.445718
0.445581
0.445949
0.445993
0.445962
0.446228
0.446614
0.44649
0.446414
0.446523
0.446715
0.446792
0.445171
0.443189
0.440797
0.439279
0.439209
0.43913
0.438908
0.438665
0.438372
0.438546
0.438282
0.438161
0.438191
0.437665
0.437653
0.437342
0.437036
0.434963
0.432759
0.432454
0.432184
0.431837
0.431736
0.431069
0.430829
0.430502
0.430391
0.430368
0.430107
0.429871
0.429544
0.429242
0.428835
0.428463
0.428173
0.42772
0.427424
0.427475
0.427329
0.42701
0.426566
0.426631
0.425862
0.425653
0.425509
0.425342
0.425151
0.424943
0.424698
0.424595
0.4244
0.424293
0.423877
0.423863
0.423611
0.423379
0.423159
0.42311
0.423013
0.422734
0.422416
0.422089
0.421836
0.421489
0.421359
0.421378
0.421057
0.420749
0.420697
0.420749
0.420609
0.420455
0.420523
0.420547
0.420333
0.42007
0.420083
0.419948
0.419747
0.41947
0.419421
0.419396
0.419513
0.419526
0.419448
0.419399
0.419335
0.418802
0.418367
0.418312
0.418119
0.418079
0.41797
0.417773
0.417744
0.41753
0.417375
0.417194
0.416982
0.417028
0.417078
0.416988
0.416773
0.416767
0.416152
0.415811
0.415865
0.415647
0.415565
0.415607
0.415542
0.415425
0.415501
0.415356
0.415083
0.415013
0.414948
0.414842
0.414805
0.414808
0.414711
0.414575
0.413483
0.413178
0.413006
0.412946
0.412843
0.412889
0.412644
0.412581
0.412462
0.412393
0.412379
0.41231
0.412202
0.412241
0.412165
0.412109
0.411949
0.412024
0.412064
0.411869
0.411857
0.411705
0.411705
0.411604
0.411622
0.411511
0.411452
0.411556
0.411497
0.411418
0.411482
0.411471
0.411432
0.411357
0.411419
0.411476
0.411427
0.411397
0.411375
0.411406
0.411343
0.411199
0.410893
0.410817
0.410721
0.410782
0.41083
0.410725
0.410631
0.410433
0.410369
0.410208
0.410261
0.410298
0.410339
0.410406
0.410353
0.410354
0.410278
0.410174
0.410239
0.41027
0.410315
0.410348
0.410331
0.41038
0.410325
0.410172
0.410177
0.410141
0.410125
0.410042
0.410186
0.410179
0.410195
0.410016
0.409955
0.409876
0.409856
0.409889
0.409816
0.409854
0.409798
0.409764
0.409909
0.41001
0.409836
0.409823
0.409854
0.409797
0.409906
0.409516
0.40955
0.409602
0.409584
0.409535
0.409499
0.40942
0.409467
0.409541
0.409586
0.409448
0.409447
0.409446
0.409347
0.408661
0.40799
0.408083
0.408062
0.408002
0.40785
0.407849
0.407844
0.407863
0.407826
0.40772
0.407673
0.407872
0.407714
0.407719
0.40758
0.407558
0.407445
0.407394
0.407444
0.407421
0.407456
0.407171
0.407273
0.407308
0.407206
0.407125
0.40701
0.407073
0.40705
0.406712
0.406752
0.406675
0.406686
0.406582
0.406457
0.406477
0.406381
0.40638
0.406439
0.406399
0.406326
0.406383
0.40631
0.406041
0.406045
0.406046
0.406056
0.405997
0.406119
0.406161
0.406184
0.406254
0.406332
0.406333
0.406387
0.406445
0.406383
0.406395
0.406516
0.406477
0.406427
0.406505
0.406549
0.40662
0.406666
0.406663
0.406542
0.406557
0.406613
0.406675
0.406786
0.40677
0.406779
0.40673
0.406752
0.406758
0.406668
0.406708
0.406684
0.406668
0.406731
0.406835
0.406777
0.406797
0.406759
0.406773
0.406706
0.4068
0.406793
0.406929
0.406819
0.406877
0.406903
0.406826
0.406927
0.406977
0.407002
0.406962
0.406972
0.40691
0.406822
0.40682
0.406894
0.40697
0.406954
0.406975
0.407004
0.407157
0.407164
0.407198
0.407128
0.407204
0.407153
0.406944
0.406349
0.406348
0.406386
0.406518
0.406612
0.406594
0.406639
0.406646
0.406576
0.406556
0.406649
0.406714
0.40672
0.406788
0.406736
0.406783
0.40674
0.406772
0.406706
0.406771
0.406803
0.40682
0.40687
0.406956
0.40642
0.406384
0.406304
0.406247
0.406264
0.406362
0.406303
0.406306
0.406286
0.406338
0.406333
0.406363
0.406209
0.406242
0.40607
0.406009
0.406071
0.406109
0.406083
0.406101
0.406034
0.405973
0.406076
0.406163
0.406188
0.406152
0.406175
0.406211
0.406195
0.40623
0.40616
0.406098
0.406219
0.406277
0.406337
0.406417
0.406465
0.40646
0.406412
0.406417
0.406523
0.40646
0.406538
0.406511
0.406525
0.40653
0.406588
0.406547
0.406571
0.406636
0.406532
0.40653
0.406535
0.406492
0.406456
0.406376
0.406393
0.406455
0.406464
0.406456
0.406447
0.406516
0.406446
0.406464
0.406408
0.406415
0.406458
0.406414
0.406448
0.406405
0.406411
0.406465
0.406404
0.40636
0.406379
0.406304
0.406214
0.406223
0.406219
0.40627
0.406308
0.406342
0.406431
0.406255
0.406318
0.40633
0.406285
0.406259
0.406275
0.406171
0.406154
0.406198
0.406217
0.406167
0.406137
0.40611
0.406152
0.406166
0.406179
0.406194
0.406237
0.406239
0.406294
0.406265
0.406321
0.406366
0.406432
0.406408
0.406444
0.406504
0.406461
0.40649
0.406523
0.40644
0.406433
0.406404
0.406419
0.406401
0.406386
0.406376
0.406385
0.406356
0.4063
0.406358
0.406411
0.406372
0.406413
0.406469
0.406581
0.406679
0.40664
0.406611
0.406607
0.406569
0.406556
0.406603
0.406623
0.406626
0.406768
0.406839
0.406805
0.406752
0.40676
0.406763
0.406796
0.406793
0.406871
0.406906
0.406932
0.406906
0.406918
0.406988
0.407039
0.407059
0.40702
0.407069
0.407097
0.407131
0.407125
0.407121
0.407139
0.407152
0.407175
0.407191
0.407209
0.407249
0.407156
0.407186
0.407096
0.407158
0.40721
0.407238
0.4072
0.407192
0.407204
0.407225
0.407261
0.407243
0.407289
0.407311
0.407313
0.407319
0.407307
0.40732
0.407285
0.407254
0.407262
0.407277
0.407339
0.407141
0.407047
0.407084
0.407087
0.407135
0.407147
0.407129
0.407202
0.407198
0.407171
0.407191
0.407264
0.407245
0.407305
0.40734
0.407301
0.407362
0.407415
0.407435
0.407417
0.40743
0.407415
0.407489
0.407409
0.4074
0.407426
0.407475
0.407468
0.407472
0.407472
0.407501
0.407524
0.407536
0.407629
0.407399
0.406931
0.406844
0.406868
0.406858
0.406827
0.406874
0.406842
0.406847
0.406805
0.406798
0.406756
0.406774
0.406806
0.406821
0.406831
0.40687
0.406849
0.406901
0.406911
0.406943
0.407011
0.407077
0.407041
0.407023
0.407047
0.407037
0.407087
0.407102
0.40712
0.407134
0.407156
0.407183
0.407175
0.407164
0.407174
0.407193
0.407195
0.407169
0.407131
0.407189
0.407225
0.407258
0.407258
0.407274
0.407317
0.40731
0.407307
0.407332
0.407346
0.407327
0.407329
0.407319
0.407396
0.40744
0.407379
0.407469
0.407457
0.407469
0.407459
0.407477
0.407518
0.407527
0.407561
0.407663
0.407571
0.407576
0.407524
0.407574
0.407551
0.407595
0.407659
0.407643
0.407679
0.407698
0.407696
0.4077
0.407706
0.407723
0.407718
0.407742
0.407746
0.407731
0.407713
0.407716
0.407748
0.40773
0.407733
0.407738
0.407701
0.407689
0.407696
0.407742
0.407758
0.40779
0.407833
0.407819
0.407793
0.407779
0.407763
0.407809
0.407828
0.407865
0.407871
0.407877
0.407954
0.40795
0.407975
0.407968
0.407967
0.40799
0.408001
0.408032
0.408029
0.408082
0.408063
0.408095
0.4081
0.408089
0.408099
0.408094
0.408091
0.408163
0.408177
0.408218
0.408242
0.408269
0.408315
0.408281
0.408269
0.408266
0.40828
0.408361
0.408349
0.408352
0.408375
0.408367
0.408363
0.408341
0.408358
0.408384
0.40838
0.408366
0.408412
0.408416
0.408468
0.408412
0.408428
0.40846
0.408443
0.408439
0.408533
0.408618
0.408669
0.408677
0.408719
0.40872
0.408674
0.408656
0.408586
0.408599
0.408628
0.408666
0.408641
0.408673
0.408742
0.40877
0.408781
0.408853
0.408905
0.40889
0.40891
0.408995
0.409023
0.40881
0.40845
0.408498
0.408509
0.408503
0.408532
0.408544
0.408578
0.408595
0.40859
0.408599
0.408631
0.40861
0.408328
0.408352
0.408332
0.408356
0.408466
0.408403
0.408377
0.408391
0.40844
0.40845
0.408461
0.408456
0.408494
0.408488
0.408428
0.40847
0.408459
0.408379
0.408406
0.408409
0.4084
0.408416
0.408394
0.408375
0.40837
0.40839
0.408373
0.408407
0.408266
0.408253
0.408242
0.408266
0.408258
0.408306
0.40831
0.408342
0.40837
0.40835
0.408367
0.408414
0.408373
0.408328
0.408362
0.408402
0.408402
0.408424
0.408458
0.408437
0.408442
0.40843
0.408446
0.408519
0.408527
0.408579
0.408619
0.408627
0.408626
0.408686
0.40875
0.40876
0.408731
