0
0.145558
0.272467
0.33932
0.36832
0.388997
0.410307
0.419445
0.424945
0.429669
0.432918
0.426481
0.413853
0.40849
0.403451
0.399761
0.397972
0.397521
0.393774
0.394412
0.391741
0.390409
0.390109
0.388657
0.386293
0.38433
0.382336
0.379617
0.37686
0.376023
0.375523
0.374355
0.372165
0.370592
0.369077
0.367501
0.366393
0.365841
0.36582
0.364569
0.364511
0.363795
0.362438
0.360822
0.360781
0.359626
0.35868
0.358544
0.357803
0.357352
0.357709
0.357767
0.358172
0.358302
0.357939
0.357923
0.357514
0.357243
0.357584
0.356412
0.35622
0.354834
0.35536
0.355655
0.354804
0.355772
0.355661
0.355616
0.355198
0.355282
0.355302
0.355156
0.355474
0.355412
0.35545
0.355697
0.355866
0.355399
0.356051
0.356067
0.355818
0.355189
0.355166
0.354607
0.354481
0.354241
0.354093
0.353789
0.354425
0.354503
0.354385
0.35433
0.354411
0.35431
0.353656
0.353532
0.353609
0.353226
0.353141
0.35198
0.351956
0.351782
0.352061
0.351948
0.352406
0.352093
0.351174
0.351561
0.351512
0.351493
0.351772
0.352054
0.3516
0.351384
0.351244
0.351073
0.351327
0.351334
0.351022
0.351622
0.351805
0.351924
0.35217
0.351939
0.351922
0.352341
0.352526
0.352588
0.352939
0.352973
0.353042
0.352926
0.353097
0.353108
0.353434
0.353695
0.353621
0.353412
0.35375
0.353792
0.354094
0.35413
0.353932
0.354458
0.354711
0.354708
0.354573
0.35493
0.355193
0.355097
0.355377
0.355513
0.355704
0.355914
0.355699
0.355942
0.355955
0.356029
0.3562
0.356219
0.355985
0.356091
0.356354
0.356595
0.354668
0.352613
0.350597
0.349334
0.34936
0.34941
0.349349
0.348982
0.349021
0.348909
0.348639
0.348667
0.348438
0.348383
0.348381
0.348207
0.348075
0.346301
0.344627
0.344281
0.343794
0.343622
0.34344
0.343374
0.343184
0.342928
0.342691
0.342314
0.342078
0.342048
0.341458
0.341429
0.34113
0.341165
0.340851
0.340579
0.340372
0.340245
0.339977
0.339811
0.339621
0.339278
0.33882
0.338837
0.338648
0.338511
0.338461
0.338391
0.33815
0.338054
0.337805
0.337507
0.33734
0.337188
0.336992
0.336896
0.33684
0.336806
0.336743
0.336706
0.336548
0.33656
0.336486
0.3363
0.336018
0.335933
0.335731
0.335531
0.335542
0.335411
0.335193
0.335119
0.335062
0.335116
0.334982
0.334656
0.334605
0.33458
0.334446
0.334236
0.334052
0.333833
0.333732
0.333746
0.333733
0.333514
0.333275
0.332712
0.33198
0.331985
0.331721
0.331619
0.3315
0.331301
0.331217
0.331161
0.331049
0.330934
0.330902
0.330781
0.330724
0.330656
0.330681
0.330673
0.330203
0.330111
0.329937
0.33004
0.330023
0.330056
0.329996
0.330157
0.330168
0.330158
0.329811
0.329799
0.329839
0.329778
0.329773
0.329762
0.329619
0.329446
0.328465
0.328318
0.328202
0.32805
0.3279
0.32781
0.327752
0.327639
0.32756
0.32746
0.327373
0.327274
0.327458
0.327468
0.327433
0.327326
0.327324
0.327328
0.327324
0.327269
0.327266
0.327268
0.327195
0.327187
0.327067
0.327156
0.327306
0.327143
0.327175
0.327269
0.327269
0.327177
0.327131
0.327122
0.327238
0.327202
0.327242
0.32702
0.32705
0.327033
0.32701
0.326715
0.326421
0.326453
0.326227
0.326259
0.326254
0.32622
0.326171
0.326283
0.326319
0.326305
0.326334
0.326323
0.326328
0.326416
0.326332
0.326241
0.326353
0.326337
0.326399
0.326381
0.326418
0.326468
0.326292
0.32619
0.326108
0.326111
0.326088
0.326053
0.326072
0.326052
0.326054
0.326014
0.326077
0.325928
0.325946
0.32593
0.326043
0.325931
0.325859
0.325888
0.325974
0.326144
0.326152
0.32613
0.325908
0.326054
0.325996
0.325931
0.326042
0.32575
0.325741
0.325697
0.325694
0.325666
0.325595
0.325566
0.325622
0.325631
0.325651
0.325494
0.325582
0.325559
0.325596
0.325092
0.32448
0.324504
0.324506
0.32457
0.324611
0.324645
0.324472
0.32447
0.324311
0.324315
0.324273
0.324233
0.324206
0.324264
0.324127
0.32417
0.324161
0.324153
0.3241
0.324119
0.324026
0.32384
0.323797
0.323923
0.323866
0.323846
0.323776
0.323794
0.323776
0.32338
0.32338
0.323384
0.323223
0.323265
0.32335
0.323373
0.323467
0.323388
0.323342
0.323471
0.323615
0.323569
0.323548
0.323265
0.323251
0.323331
0.323265
0.323329
0.323366
0.323659
0.323678
0.323773
0.323737
0.323604
0.323547
0.323602
0.32362
0.323704
0.323722
0.323716
0.323693
0.323657
0.323572
0.323677
0.323583
0.323677
0.323651
0.323557
0.323593
0.323691
0.323796
0.32383
0.323758
0.323804
0.323741
0.323782
0.323757
0.323765
0.32385
0.323848
0.323876
0.32387
0.323917
0.323923
0.323952
0.323958
0.32402
0.324098
0.324133
0.324143
0.324155
0.324141
0.324157
0.324123
0.324084
0.324119
0.324108
0.324189
0.324338
0.324344
0.324334
0.324382
0.324304
0.324283
0.324235
0.324283
0.324312
0.324337
0.324323
0.324276
0.32427
0.324207
0.324226
0.324028
0.323398
0.323318
0.323314
0.323233
0.323247
0.323216
0.323252
0.323232
0.323252
0.323269
0.323296
0.323379
0.323395
0.323423
0.323519
0.323536
0.323602
0.323636
0.323515
0.323531
0.323525
0.323559
0.323623
0.323608
0.323136
0.323153
0.323162
0.323125
0.323102
0.323126
0.323116
0.323079
0.323126
0.323138
0.323212
0.323297
0.323223
0.323153
0.323035
0.32302
0.323022
0.323046
0.322979
0.322929
0.322882
0.322876
0.322909
0.322904
0.323028
0.323
0.323077
0.323036
0.323056
0.322931
0.322887
0.322804
0.322725
0.322793
0.322804
0.322861
0.322842
0.322964
0.322935
0.322917
0.323003
0.322959
0.32295
0.322934
0.323041
0.323087
0.323019
0.322965
0.323013
0.322998
0.323037
0.323048
0.323129
0.323142
0.323145
0.323107
0.32313
0.323125
0.323126
0.323106
0.323172
0.323244
0.323228
0.32321
0.323224
0.323216
0.323185
0.323187
0.323195
0.323246
0.323274
0.32329
0.323224
0.323207
0.323212
0.323235
0.323226
0.323203
0.32316
0.32323
0.323208
0.323238
0.323267
0.323112
0.323062
0.323115
0.323068
0.323138
0.323064
0.322928
0.322845
0.322881
0.322764
0.322747
0.322699
0.322716
0.322698
0.322662
0.322683
0.322688
0.322719
0.322721
0.322728
0.322718
0.32275
0.322791
0.322805
0.322821
0.322876
0.322859
0.322787
0.322926
0.32298
0.322803
0.322784
0.322827
0.322852
0.322906
0.322894
0.322873
0.32287
0.322894
0.322912
0.322931
0.322897
0.322949
0.322908
0.322912
0.322991
0.323026
0.32305
0.323157
0.323162
0.323187
0.323172
0.323213
0.323289
0.3233
0.323344
0.323369
0.323463
0.323419
0.323509
0.323434
0.323391
0.323461
0.323481
0.323464
0.323483
0.323487
0.323535
0.323563
0.323564
0.323515
0.323497
0.323528
0.323531
0.323467
0.323434
0.323463
0.323526
0.323488
0.323478
0.323472
0.323481
0.323454
0.323461
0.323488
0.323398
0.323371
0.323337
0.323318
0.323309
0.323366
0.323263
0.323299
0.323362
0.323442
0.323484
0.323536
0.323535
0.3235
0.323504
0.323542
0.323576
0.323582
0.323576
0.323562
0.323528
0.323357
0.323313
0.323338
0.323356
0.323327
0.323347
0.323349
0.323373
0.323352
0.323354
0.323404
0.323496
0.32349
0.323514
0.323551
0.323502
0.323517
0.323556
0.323577
0.323597
0.323611
0.323572
0.323503
0.323536
0.323517
0.323516
0.323492
0.323484
0.323493
0.323453
0.323526
0.323595
0.323601
0.323658
0.323391
0.322994
0.322939
0.322907
0.322907
0.322861
0.322817
0.322765
0.322795
0.322695
0.322706
0.322701
0.322728
0.322779
0.322808
0.322808
0.322855
0.322774
0.322806
0.322825
0.322827
0.32288
0.322827
0.322832
0.32282
0.322839
0.322844
0.322815
0.32282
0.322821
0.322832
0.322877
0.322917
0.322938
0.322907
0.32282
0.322842
0.322832
0.322865
0.322799
0.32283
0.322885
0.322891
0.322886
0.322887
0.32288
0.322925
0.322901
0.322917
0.322949
0.322986
0.322973
0.323021
0.323028
0.323021
0.322989
0.323028
0.323047
0.323035
0.323061
0.323078
0.323097
0.323061
0.323055
0.323115
0.323029
0.323107
0.323067
0.323034
0.32304
0.323075
0.323112
0.323124
0.323124
0.323101
0.323145
0.323165
0.323171
0.323142
0.323153
0.323159
0.323194
0.323197
0.323223
0.323208
0.323151
0.323158
0.323121
0.323134
0.323162
0.3232
0.323198
0.323245
0.323317
0.323348
0.323377
0.323411
0.323398
0.323394
0.323404
0.32345
0.323491
0.323512
0.323503
0.323491
0.323464
0.323487
0.323522
0.323519
0.323467
0.323402
0.323393
0.323461
0.323489
0.323511
0.323517
0.323525
0.323529
0.323584
0.323514
0.323494
0.323514
0.323562
0.323573
0.323561
0.323589
0.323617
0.323651
0.323639
0.323675
0.323644
0.323681
0.323716
0.323725
0.323702
0.323685
0.323738
0.323715
0.32372
0.323709
0.323704
0.323702
0.323753
0.323756
0.323725
0.323729
0.323782
0.32381
0.323843
0.323922
0.32386
0.32388
0.323873
0.323839
0.323854
0.323926
0.323967
0.323982
0.324029
0.323976
0.323947
0.323939
0.323938
0.323973
0.323959
0.324001
0.32403
0.324066
0.324085
0.324132
0.324179
0.3242
0.324201
0.324273
0.32409
0.323846
0.323855
0.323861
0.323846
0.323864
0.323876
0.323883
0.32388
0.323935
0.323956
0.323987
0.323965
0.3237
0.323723
0.32369
0.323684
0.32372
0.323709
0.323731
0.323707
0.323708
0.323708
0.323646
0.323702
0.323654
0.323575
0.323551
0.323519
0.323504
0.32345
0.323406
0.323401
0.323427
0.323409
0.323409
0.323407
0.323411
0.32345
0.323442
0.323446
0.323336
0.323356
0.323336
0.323348
0.323332
0.323354
0.323397
0.32339
0.323427
0.323399
0.323385
0.32341
0.323357
0.323424
0.323452
0.323492
0.32353
0.323525
0.323474
0.323509
0.323546
0.323519
0.323567
0.323614
0.323655
0.323658
0.323676
0.323696
0.323642
0.323661
0.323682
0.323659
0.323632
