0.838983
0.839941
0.838583
0.837878
0.834503
0.833822
0.828547
0.819636
0.818845
0.818182
0.806303
0.79572
0.784622
0.774784
0.767543
0.759494
0.75517
0.750083
0.745765
0.74258
0.730159
0.72071
0.713731
0.706422
0.700024
0.69314
0.688282
0.684316
0.679259
0.676818
0.672657
0.665983
0.660432
0.655838
0.649987
0.644078
0.639545
0.635692
0.631305
0.627545
0.623044
0.617173
0.611823
0.606849
0.602299
0.596937
0.592444
0.58859
0.584588
0.581441
0.577034
0.573188
0.568782
0.564827
0.5615
0.557034
0.55357
0.549093
0.545339
0.542836
0.540771
0.537726
0.534515
0.53133
0.528455
0.525566
0.522954
0.520968
0.517751
0.515323
0.513058
0.509932
0.507771
0.50553
0.503128
0.500786
0.498855
0.497433
0.495556
0.494378
0.493708
0.49281
0.491782
0.489973
0.48956
0.48828
0.487366
0.486309
0.484301
0.484215
0.484053
0.484331
0.484219
0.483878
0.484096
0.482699
0.482471
0.482918
0.48309
0.483098
0.482934
0.482959
0.48276
0.482861
0.482959
0.482825
0.482601
0.483251
0.483627
0.483908
0.484153
0.48391
0.48408
0.484123
0.484157
0.484188
0.484227
0.484003
0.483807
0.483808
0.484194
0.484485
0.4844
0.48432
0.484399
0.484791
0.484579
0.484604
0.484745
0.485049
0.484735
0.485035
0.485661
0.486057
0.486539
0.48682
0.486822
0.486586
0.487103
0.487322
0.487207
0.487226
0.487147
0.487005
0.487129
0.48732
0.487371
0.487441
0.487335
0.487349
0.487404
0.48747
0.487403
0.485049
0.482
0.479064
0.477057
0.477203
0.477182
0.477206
0.477289
0.477516
0.477838
0.477841
0.477991
0.478131
0.477958
0.478237
0.478548
0.47836
0.475777
0.473132
0.473179
0.473388
0.473739
0.473826
0.474009
0.474018
0.474096
0.474069
0.474304
0.47457
0.474253
0.474321
0.474305
0.474049
0.474008
0.474272
0.474288
0.474195
0.474301
0.474356
0.474531
0.474484
0.474612
0.474101
0.474199
0.474268
0.474284
0.474264
0.474346
0.47443
0.47443
0.474225
0.474244
0.474473
0.474363
0.474443
0.474636
0.474535
0.474761
0.474841
0.47502
0.475188
0.475248
0.475427
0.475188
0.475052
0.475186
0.474649
0.474457
0.474288
0.47453
0.474387
0.474423
0.474406
0.474361
0.474241
0.47427
0.474273
0.47421
0.474273
0.473989
0.474127
0.474159
0.474078
0.47408
0.474102
0.474125
0.47424
0.473295
0.47244
0.472597
0.472482
0.472662
0.472758
0.472751
0.472576
0.472657
0.472782
0.472763
0.472693
0.472882
0.472928
0.473073
0.473053
0.472993
0.472444
0.472286
0.472369
0.472399
0.472269
0.471927
0.471866
0.471858
0.471971
0.472227
0.472177
0.472268
0.472275
0.472421
0.472573
0.472713
0.472542
0.472353
0.470927
0.470626
0.470454
0.470686
0.470552
0.470483
0.470442
0.470685
0.470625
0.470659
0.470638
0.470792
0.470656
0.470637
0.470704
0.47075
0.47098
0.471109
0.471228
0.471354
0.471445
0.47169
0.471717
0.471777
0.471884
0.471834
0.471885
0.472115
0.472209
0.472301
0.472374
0.472442
0.472526
0.472606
0.472579
0.47257
0.472489
0.472556
0.472817
0.472861
0.473049
0.472899
0.472561
0.472513
0.47229
0.472212
0.472183
0.472148
0.472148
0.472097
0.471866
0.47188
0.471939
0.471915
0.472077
0.47221
0.472121
0.472148
0.472047
0.471968
0.472052
0.472082
0.472087
0.472237
0.472136
0.472198
0.472037
0.472074
0.47211
0.47218
0.472246
0.472224
0.472081
0.472147
0.472215
0.472009
0.471973
0.471849
0.47171
0.471634
0.471653
0.471654
0.471855
0.471897
0.471826
0.471734
0.47155
0.471523
0.471463
0.47148
0.471385
0.470886
0.47091
0.470955
0.471006
0.471115
0.470989
0.470898
0.470956
0.471011
0.470845
0.47068
0.470608
0.470535
0.470485
0.46963
0.468769
0.468863
0.468874
0.468911
0.468896
0.468891
0.468941
0.469027
0.468834
0.468777
0.468799
0.468735
0.468678
0.468582
0.468519
0.468579
0.468483
0.468247
0.468218
0.468047
0.467946
0.467487
0.467435
0.467445
0.467462
0.467255
0.467375
0.46745
0.467528
0.467054
0.466951
0.466993
0.466973
0.467085
0.466993
0.466976
0.466912
0.466861
0.466845
0.466795
0.466816
0.466803
0.466853
0.466462
0.466482
0.466503
0.466537
0.466442
0.466401
0.466373
0.466267
0.466171
0.466224
0.466212
0.466188
0.46624
0.466317
0.466375
0.466314
0.466335
0.466365
0.466301
0.466157
0.466138
0.465976
0.465869
0.465949
0.466008
0.465951
0.465838
0.465761
0.465841
0.465983
0.465994
0.46594
0.46592
0.465911
0.465918
0.465753
0.465736
0.465808
0.465819
0.465858
0.465841
0.465796
0.465841
0.465764
0.465903
0.465839
0.465667
0.465643
0.4656
0.465648
0.465537
0.465573
0.465615
0.465446
0.465486
0.465434
0.46538
0.465387
0.465381
0.465332
0.465395
0.46537
0.465344
0.465297
0.465205
0.465229
0.465207
0.465275
0.465415
0.465394
0.46512
0.464192
0.46424
0.464258
0.46427
0.464247
0.464189
0.464175
0.464182
0.464179
0.464261
0.464298
0.464359
0.464378
0.464324
0.464251
0.464277
0.464296
0.464435
0.464361
0.464328
0.464428
0.464367
0.464455
0.464431
0.463798
0.463639
0.463516
0.463551
0.463504
0.463446
0.463306
0.463184
0.46316
0.46306
0.463075
0.463042
0.462817
0.462636
0.462481
0.462442
0.462405
0.462317
0.462177
0.462092
0.462046
0.461916
0.461801
0.461691
0.461552
0.461444
0.461435
0.461316
0.46123
0.461173
0.461006
0.460928
0.460809
0.460796
0.460692
0.460559
0.460385
0.460277
0.4601
0.459908
0.459846
0.459798
0.459699
0.459716
0.459654
0.459532
0.459454
0.459422
0.459376
0.459261
0.45911
0.458978
0.458815
0.458683
0.458569
0.458527
0.458472
0.45839
0.458408
0.45835
0.458254
0.458259
0.458136
0.458
0.457978
0.457898
0.45778
0.457644
0.457567
0.457556
0.4575
0.457399
0.457353
0.457169
0.457191
0.457031
0.456908
0.456797
0.456791
0.456747
0.456616
0.456549
0.456508
0.456192
0.456091
0.456039
0.455962
0.455928
0.455813
0.455626
0.455559
0.455461
0.455369
0.455344
0.455255
0.455179
0.455137
0.455124
0.454978
0.4549
0.454819
0.454762
0.454777
0.454772
0.454765
0.454855
0.454873
0.454873
0.454934
0.454918
0.454922
0.454948
0.454938
0.454791
0.454855
0.454856
0.454909
0.454929
0.454999
0.45503
0.455051
0.455045
0.455058
0.455089
0.455192
0.455242
0.455308
0.455413
0.455409
0.455419
0.45536
0.455377
0.455404
0.455401
0.455392
0.455461
0.455527
0.455559
0.455614
0.455613
0.455706
0.455706
0.455657
0.455691
0.455743
0.455809
0.455845
0.455846
0.455892
0.455923
0.455884
0.455887
0.455854
0.455856
0.455784
0.455776
0.455821
0.455807
0.455763
0.455799
0.455795
0.455846
0.455861
0.455878
0.455884
0.455873
0.455926
0.455939
0.455814
0.455816
0.455742
0.455789
0.455737
0.455742
0.455748
0.455781
0.455856
0.455903
0.45591
0.456
0.455977
0.456035
0.456017
0.456004
0.45605
0.456035
0.455989
0.45602
0.456064
0.455748
0.455714
0.455694
0.455692
0.45558
0.455551
0.455516
0.455552
0.455502
0.4555
0.455469
0.455451
0.455338
0.455356
0.455333
0.455236
0.455214
0.455276
0.455188
0.455185
0.455229
0.455305
0.455295
0.455317
0.455277
0.455342
0.455321
0.455323
0.455354
0.455397
0.455462
0.455537
0.455616
0.455647
0.455282
0.454672
0.454575
0.454507
0.454559
0.454547
0.454505
0.454427
0.454429
0.454364
0.454359
0.454346
0.454411
0.454456
0.454432
0.454364
0.454339
0.454177
0.454121
0.454154
0.454109
0.454143
0.454154
0.454093
0.453999
0.453985
0.453908
0.453892
0.453921
0.453971
0.453947
0.453901
0.453854
0.453823
0.453761
0.453735
0.453745
0.453739
0.4538
0.453721
0.453678
0.453695
0.45369
0.453676
0.453587
0.453554
0.453574
0.453581
0.453611
0.453594
0.453554
0.453524
0.453459
0.453426
0.453428
0.453432
0.453462
0.453454
0.453408
0.453384
0.453397
0.453371
0.453327
0.453254
0.453233
0.453144
0.453109
0.45307
0.453081
0.453054
0.453114
0.453065
0.453079
0.453076
0.453124
0.45304
0.452927
0.452895
0.452915
0.452887
0.452869
0.452903
0.452904
0.452888
0.452788
0.452758
0.452753
0.452713
0.452746
0.452782
0.452807
0.452848
0.452884
0.452868
0.452844
0.452839
0.452816
0.452719
0.452728
0.452706
0.452683
0.452701
0.452705
0.452692
0.452638
0.452589
0.452599
0.452587
0.452604
0.452684
0.452669
0.452661
0.452676
0.452697
0.452745
0.452712
0.45275
0.452746
0.452705
0.452692
0.452682
0.45271
0.452772
0.452791
0.452799
0.452832
0.452882
0.452915
0.452927
0.452984
0.452981
0.452984
0.453003
0.453027
0.452981
0.453025
0.453044
0.452965
0.45293
0.452986
0.453003
0.452998
0.452957
0.452982
0.452965
0.453006
0.453037
0.452997
0.453025
0.452988
0.452944
0.452947
0.452967
0.452989
0.453001
0.452973
0.45301
0.452957
0.452942
0.452844
0.452784
0.452768
0.452801
0.452736
0.452728
0.452778
0.452844
0.452814
0.452813
0.45285
0.452864
0.452863
0.45286
0.452875
0.452607
0.452227
0.452232
0.45222
0.452207
0.452252
0.452264
0.452297
0.452341
0.452363
0.45232
0.452323
0.452316
0.4519
0.451859
0.451795
0.451697
0.451617
0.45155
0.451499
0.451467
0.451393
0.451332
0.451274
0.451215
0.451176
0.451122
0.451013
0.450949
0.450925
0.450784
0.450751
0.450718
0.450702
0.450671
0.450633
0.450552
0.45052
0.450517
0.450448
0.450386
0.450153
0.450075
0.450044
0.450018
0.449993
0.449971
0.449989
0.449928
0.449909
0.449888
0.449862
0.449839
0.449719
0.449637
0.449602
0.449589
0.449493
0.44944
0.449395
0.449359
0.449294
0.449207
0.449142
0.449104
0.449062
0.449
0.448937
0.448914
0.448814
0.448772
0.44877
0.448684
0.448668
