0
0.514793
0.535785
0.55497
0.56078
0.56182
0.552234
0.55906
0.557136
0.556715
0.560248
0.555639
0.556399
0.55626
0.556244
0.555673
0.556
0.554373
0.556091
0.551943
0.547835
0.547644
0.546504
0.545503
0.544365
0.543872
0.542106
0.541254
0.540698
0.539852
0.538731
0.536843
0.536542
0.535469
0.534995
0.532593
0.53182
0.530294
0.528077
0.526477
0.525147
0.523828
0.5215
0.520707
0.519173
0.518972
0.518327
0.516834
0.516218
0.514814
0.51484
0.5148
0.512646
0.511532
0.510422
0.510201
0.509355
0.50881
0.507624
0.506134
0.50447
0.503717
0.502944
0.501187
0.500347
0.499808
0.49941
0.498089
0.497501
0.496622
0.49573
0.494884
0.49435
0.493683
0.493307
0.492804
0.492005
0.491374
0.49062
0.490557
0.490033
0.489602
0.489629
0.489231
0.48932
0.4891
0.488413
0.488131
0.48757
0.487188
0.485847
0.485122
0.484667
0.484237
0.484389
0.484439
0.48372
0.483474
0.482803
0.482149
0.48219
0.481749
0.481216
0.480894
0.480559
0.479912
0.480112
0.479805
0.479519
0.479653
0.479467
0.479258
0.47908
0.479017
0.479009
0.479163
0.478917
0.479036
0.47899
0.478849
0.478611
0.478365
0.477991
0.478053
0.477944
0.477751
0.477887
0.477801
0.477936
0.478187
0.478081
0.478028
0.478001
0.477678
0.477689
0.477881
0.477665
0.477562
0.477584
0.477535
0.477565
0.477475
0.477339
0.477479
0.477485
0.477694
0.477605
0.477528
0.477561
0.477355
0.477441
0.477364
0.477475
0.477395
0.477427
0.477688
0.477552
0.477554
0.477648
0.477801
0.478117
0.478172
0.478145
0.477871
0.47805
0.477924
0.477696
0.477601
0.477803
0.478019
0.477812
0.477945
0.477948
0.477906
0.477768
0.477605
0.47778
0.477656
0.477732
0.477729
0.477862
0.477902
0.477875
0.477867
0.477987
0.477266
0.477232
0.477055
0.47689
0.476876
0.476891
0.476736
0.476622
0.476466
0.476546
0.476373
0.476193
0.476092
0.476208
0.47641
0.47657
0.476631
0.476744
0.476706
0.476905
0.476909
0.476969
0.477023
0.47721
0.477197
0.476936
0.477252
0.477336
0.477319
0.477226
0.477155
0.476933
0.477006
0.477304
0.477427
0.477491
0.477648
0.477788
0.477736
0.477865
0.477997
0.477915
0.477898
0.478021
0.47807
0.478258
0.478499
0.478616
0.478776
0.47896
0.47906
0.478933
0.478804
0.47862
0.478714
0.47865
0.478682
0.478871
0.47893
0.478982
0.479096
0.479112
0.479124
0.479124
0.479136
0.479116
0.479013
0.479185
0.478996
0.47911
0.479213
0.479168
0.479128
0.47908
0.479104
0.479186
0.479172
0.479241
0.479322
0.479393
0.479494
0.479454
0.47968
0.479737
0.479938
0.479988
0.480208
0.480361
0.480407
0.480405
0.480395
0.480381
0.480544
0.480706
0.480929
0.480876
0.480857
0.480947
0.481007
0.481016
0.481086
0.481125
0.48108
0.48125
0.481447
0.481547
0.481568
0.481721
0.481743
0.481806
0.481604
0.481563
0.481614
0.481631
0.481337
0.48126
0.481252
0.481409
0.481423
0.481417
0.481355
0.481405
0.481479
0.481654
0.48156
0.481622
0.481591
0.481533
0.481566
0.481662
0.481612
0.481561
0.481633
0.481538
0.481613
0.481759
0.481956
0.482088
0.482249
0.482124
0.48225
0.482385
0.482443
0.482376
0.482433
0.482364
0.482407
0.482388
0.482225
0.482257
0.482283
0.48237
0.482306
0.482285
0.48229
0.482296
0.482416
0.482489
0.482646
0.482676
0.48255
0.482433
0.482341
0.482287
0.482484
0.482491
0.48252
0.482421
0.482326
0.482369
0.482471
0.482498
0.482562
0.482602
0.482681
0.482632
0.482687
0.48264
0.482814
0.48292
0.482942
0.482977
0.483028
0.48297
0.482978
0.483045
0.483182
0.483262
0.483321
0.483317
0.483172
0.483153
0.483229
0.483252
0.483273
0.483216
0.483226
0.483211
0.483271
0.483302
0.48339
0.483247
0.483288
0.483279
0.483124
0.483075
0.483152
0.483219
0.483303
0.483261
0.483295
0.483418
0.483589
0.483707
0.483775
0.483757
0.482981
0.482775
0.482786
0.482789
0.482717
0.48286
0.482907
0.482862
0.482741
0.482682
0.482745
0.482783
0.482885
0.483012
0.483023
0.48316
0.483266
0.483365
0.483337
0.483359
0.483335
0.483288
0.483267
0.483305
0.48339
0.483431
0.483461
0.483474
0.483506
0.483698
0.483769
0.483716
0.483692
0.483699
0.483813
0.483859
0.483954
0.483767
0.483768
0.483751
0.483804
0.483966
0.483989
0.484023
0.484063
0.484075
0.484184
0.484276
0.484257
0.484234
0.484244
0.484142
0.484245
0.484282
0.484139
0.484092
0.48412
0.483841
0.483935
0.483981
0.48396
0.484032
0.484124
0.484101
0.484048
0.484029
0.483974
0.483982
0.483984
0.484075
0.484089
0.484
0.484076
0.484006
0.484143
0.484195
0.484214
0.484188
0.484229
0.484279
0.484392
0.484411
0.484527
0.484537
0.484603
0.484632
0.484657
0.484751
0.484814
0.484765
0.484812
0.484849
0.484882
0.484841
0.484849
0.484829
0.484849
0.484865
0.48484
0.484822
0.484805
0.484785
0.484774
0.484748
0.484708
0.484773
0.484906
0.484921
0.484935
0.485028
0.485091
0.485092
0.485198
0.485167
0.485219
0.485229
0.485173
0.48514
0.485192
0.485226
0.485262
0.485349
0.485302
0.48535
0.485332
0.485338
0.485368
0.485352
0.485289
0.485303
0.485285
0.48529
0.48528
0.4853
0.484645
0.483919
0.483172
0.482293
0.481487
0.481104
0.481045
0.481002
0.480868
0.480661
0.480667
0.480636
0.480512
0.480458
0.480271
0.480139
0.480114
0.479919
0.479894
0.479859
0.479843
0.479801
0.4798
0.479756
0.479732
0.479659
0.479703
0.479702
0.4797
0.479631
0.479571
0.479371
0.479283
0.479217
0.479078
0.479019
0.479047
0.478824
0.47875
0.478668
0.478576
0.478497
0.478414
0.478336
0.478264
0.478225
0.478179
0.478028
0.477826
0.477708
0.47747
0.477092
0.477046
0.476945
0.476913
0.476748
0.47666
0.476629
0.476557
0.476487
0.476421
0.476382
0.476227
0.475991
0.475925
0.475788
0.47579
0.47578
0.475739
0.475715
0.475578
0.475483
0.475411
0.475365
0.475301
0.47522
0.475178
0.475137
0.475197
0.47509
0.475029
0.474953
0.474881
0.474816
0.474714
0.474597
0.4746
0.47451
0.474083
0.473529
0.473513
0.473508
0.473454
0.473307
0.473245
0.472962
0.472966
0.472886
0.472809
0.472746
0.47264
0.472539
0.472617
0.47255
0.472458
0.472415
0.472289
0.472297
0.472186
0.472023
0.471989
0.471943
0.471867
0.471897
0.471849
0.471757
0.471754
0.47171
0.471597
0.4715
0.471257
0.470969
0.470873
0.470822
0.47072
0.47067
0.470726
0.470645
0.470582
0.470491
0.470479
0.470391
0.470262
0.470194
0.470033
0.469968
0.469902
0.469816
0.469824
0.469735
0.469376
0.469292
0.46932
0.469264
0.469185
0.469055
0.468928
0.468637
0.468467
0.468396
0.468325
0.468191
0.46807
0.467696
0.467635
0.467604
0.467553
0.467506
0.467476
0.467489
0.467423
0.467295
0.467214
0.467179
0.467095
0.467005
0.466953
0.466859
0.466718
0.466622
0.466569
0.466468
0.466428
0.466329
0.466266
0.466254
0.46622
0.466159
0.466063
0.465997
0.465965
0.465938
0.465891
0.465824
0.465705
0.465681
0.465591
0.465511
0.465493
0.465459
0.465474
0.46546
0.465412
0.465392
0.465312
0.46513
0.465098
0.465001
0.464992
0.464964
0.464935
0.464844
0.464765
0.464672
0.464679
0.464638
0.464615
0.464574
0.464593
0.46456
0.464382
0.464284
0.464254
0.464239
0.46419
0.464111
0.464029
0.463984
0.463932
0.463827
0.463797
0.463775
0.463666
0.463601
0.463564
0.463525
0.463504
0.463471
0.463424
0.463376
0.463317
0.463338
0.463227
0.463188
0.463148
0.463112
0.463069
0.463024
0.462974
0.462895
0.462846
0.462779
0.462766
0.462695
0.462655
0.462592
0.462539
0.462454
0.46239
0.462324
0.462314
0.462212
0.462233
0.462238
0.46218
0.462195
0.46216
0.462117
0.462057
0.461989
0.461914
0.461824
0.461762
0.461658
0.461622
0.461613
0.461562
0.461563
0.461482
0.461471
0.461416
0.461374
0.461241
0.461176
0.461074
0.46108
0.461067
0.461074
0.461019
0.460988
0.460967
0.460962
0.460926
0.46092
0.460878
0.460855
0.460844
0.460799
0.460804
0.460773
0.460741
0.460693
0.46064
0.460582
0.460592
0.460562
0.460543
0.460543
0.460593
0.46053
0.460474
0.46041
0.460431
0.460406
0.460375
0.460401
0.460375
0.460363
0.460388
0.460297
0.460159
0.460099
0.460007
0.459989
0.45997
0.459929
0.459889
0.459856
0.459823
0.45976
0.459717
0.459678
0.459635
0.459582
0.459563
0.459523
0.459551
0.459488
0.459461
0.459415
0.459402
0.459416
0.459357
0.459342
0.459312
0.45923
0.459215
0.459179
0.459137
0.459068
0.459018
0.458906
0.458927
0.458907
0.45886
0.458843
0.458831
0.45881
0.458792
0.458789
0.458787
0.458724
0.458676
0.458657
0.458635
0.458639
0.458655
0.458629
0.45857
0.458482
0.458456
0.45844
0.458435
0.458464
0.458436
0.458414
0.458366
0.458374
0.458345
0.458308
0.458273
0.458238
0.45828
0.458302
0.45827
0.458245
0.458221
0.458149
0.458096
0.45807
0.458008
0.457965
0.457923
0.457883
0.457879
0.45786
0.457817
0.4578
0.457789
0.457797
0.457804
0.457805
0.457805
0.457822
0.457753
0.457769
0.457704
0.457751
0.457694
0.457667
0.457633
0.457599
0.457595
0.457543
0.457544
0.457539
0.4575
0.457501
0.457508
0.457517
0.45749
0.457467
0.457372
0.457358
0.457331
0.457228
0.457178
0.457132
0.457101
0.457085
0.457095
0.45713
0.457115
0.457057
0.45702
0.456952
0.456944
0.456948
0.456938
0.456653
0.4566
0.456576
0.456535
0.456532
0.456541
0.456526
0.456559
0.456578
0.45659
0.45661
0.456563
0.45651
0.456497
0.456541
0.456527
0.456562
0.456565
0.456572
0.456601
0.456599
0.456618
0.456647
0.456652
0.456668
0.456604
0.456547
0.456528
0.456477
0.456431
0.456435
0.456415
0.456347
0.456353
0.456347
0.456336
0.456308
