0
0.190669
0.318913
0.382174
0.389805
0.401669
0.41482
0.421412
0.424349
0.426696
0.429057
0.431784
0.430163
0.431409
0.431376
0.430205
0.43124
0.431555
0.429916
0.428679
0.426538
0.426501
0.426067
0.424141
0.423417
0.42339
0.421099
0.423066
0.420515
0.418901
0.418529
0.417802
0.415607
0.415312
0.41518
0.414062
0.413362
0.413512
0.411325
0.410673
0.409267
0.408533
0.408081
0.407431
0.407942
0.407586
0.407587
0.406948
0.406725
0.407192
0.406571
0.406203
0.40526
0.403445
0.403305
0.40296
0.401435
0.400389
0.400527
0.399115
0.397747
0.397262
0.396646
0.395573
0.394879
0.394568
0.394165
0.393473
0.392561
0.392054
0.391311
0.390897
0.390215
0.389544
0.389056
0.388117
0.388034
0.387574
0.387164
0.386723
0.387179
0.386454
0.386396
0.385804
0.385629
0.385105
0.385087
0.385503
0.385404
0.384937
0.384266
0.383988
0.383902
0.38378
0.383537
0.383709
0.382988
0.382853
0.381876
0.381895
0.382137
0.381632
0.381485
0.381418
0.380793
0.380261
0.380428
0.380226
0.380002
0.379822
0.379843
0.380188
0.379892
0.379834
0.37988
0.379541
0.37938
0.379495
0.379324
0.37888
0.378894
0.379096
0.378877
0.378682
0.37847
0.378587
0.378477
0.378207
0.37824
0.378392
0.37815
0.378419
0.378448
0.377992
0.377901
0.378171
0.378279
0.378352
0.378063
0.378142
0.378372
0.378627
0.378639
0.378681
0.378962
0.378684
0.378682
0.378764
0.378753
0.378659
0.378609
0.378699
0.3789
0.378745
0.37886
0.379087
0.378886
0.378869
0.378705
0.378507
0.378665
0.378457
0.378758
0.378719
0.378527
0.378745
0.378993
0.379268
0.379496
0.379428
0.379313
0.379487
0.379496
0.379582
0.379556
0.379781
0.379796
0.380092
0.380353
0.380457
0.380395
0.380477
0.380723
0.380711
0.380605
0.379733
0.379813
0.379662
0.379664
0.379722
0.37989
0.379907
0.379975
0.380045
0.380264
0.379899
0.379902
0.380156
0.380074
0.379973
0.380021
0.38023
0.380094
0.380259
0.380231
0.380096
0.38032
0.380454
0.38057
0.380657
0.380795
0.380911
0.381024
0.380933
0.381087
0.381193
0.381242
0.381183
0.381098
0.381484
0.381332
0.381416
0.381444
0.38154
0.381606
0.381458
0.381585
0.381602
0.381561
0.381749
0.381797
0.381985
0.382025
0.381941
0.382001
0.382163
0.382288
0.382108
0.382052
0.382005
0.381973
0.38206
0.382138
0.382297
0.382221
0.382368
0.382395
0.382517
0.382477
0.382401
0.382399
0.382665
0.382709
0.382709
0.382779
0.383031
0.383138
0.383077
0.383184
0.383299
0.383146
0.38319
0.383401
0.383365
0.383383
0.383523
0.383567
0.383722
0.383606
0.383603
0.383749
0.383875
0.384084
0.38385
0.383878
0.383898
0.383874
0.383794
0.383805
0.383895
0.383833
0.383929
0.384042
0.384091
0.384132
0.384213
0.384398
0.384286
0.384514
0.384514
0.384622
0.38468
0.38486
0.38496
0.385139
0.384989
0.385061
0.385172
0.385255
0.384768
0.384269
0.384524
0.384594
0.384741
0.384984
0.384879
0.385102
0.385213
0.385361
0.385346
0.385386
0.385514
0.385603
0.385627
0.385716
0.385779
0.385696
0.385698
0.385812
0.385771
0.385976
0.386031
0.386031
0.385903
0.385769
0.385767
0.385764
0.385823
0.385887
0.385858
0.385848
0.385841
0.385897
0.385918
0.386031
0.386019
0.38617
0.38618
0.386344
0.386332
0.386495
0.386483
0.386663
0.386702
0.386793
0.386708
0.386667
0.386655
0.386708
0.386769
0.38692
0.387092
0.387193
0.387194
0.387302
0.387382
0.3875
0.387544
0.387597
0.387561
0.387543
0.387587
0.387463
0.387501
0.387503
0.387598
0.387795
0.38789
0.38791
0.388012
0.3882
0.38812
0.388277
0.388344
0.388433
0.388485
0.388622
0.388659
0.388711
0.38881
0.388792
0.389089
0.389122
0.389214
0.389256
0.389383
0.389149
0.38919
0.389201
0.389259
0.389133
0.389212
0.389174
0.389249
0.38933
0.389324
0.389358
0.389473
0.389655
0.389621
0.389605
0.388838
0.38856
0.388526
0.388594
0.388505
0.388461
0.388477
0.388453
0.388404
0.388417
0.388373
0.388449
0.38856
0.388664
0.388695
0.388673
0.388727
0.388769
0.388795
0.38872
0.388696
0.388601
0.388449
0.388521
0.388545
0.388462
0.38857
0.388546
0.388431
0.388358
0.388238
0.388219
0.388189
0.388103
0.388176
0.388233
0.388283
0.388045
0.388084
0.388158
0.388089
0.388297
0.388292
0.388346
0.388322
0.388279
0.388314
0.388362
0.388409
0.388488
0.388526
0.388435
0.388483
0.388493
0.388415
0.38849
0.388409
0.388115
0.388213
0.388212
0.388257
0.388365
0.38841
0.388481
0.388472
0.388426
0.388446
0.388514
0.388464
0.388469
0.388553
0.388472
0.388586
0.388659
0.388594
0.388618
0.388545
0.388592
0.3887
0.388776
0.388932
0.388976
0.389022
0.388932
0.388985
0.389019
0.389042
0.389219
0.389188
0.389236
0.389289
0.389228
0.389197
0.389233
0.389198
0.389274
0.389328
0.389255
0.389287
0.38938
0.38941
0.389453
0.389496
0.389519
0.389553
0.389613
0.389704
0.389689
0.389696
0.389795
0.389793
0.389795
0.389786
0.389743
0.389839
0.389933
0.389854
0.389931
0.389963
0.390009
0.390041
0.390106
0.390049
0.389941
0.389957
0.38996
0.390037
0.390011
0.389955
0.390068
0.390068
0.390056
0.390093
0.390125
0.38947
0.38873
0.388007
0.387331
0.386625
0.386271
0.386147
0.386118
0.386012
0.385879
0.385827
0.385709
0.385575
0.385566
0.385501
0.385504
0.385549
0.385407
0.385313
0.385345
0.385258
0.385205
0.38515
0.385099
0.385013
0.384991
0.384904
0.384817
0.384763
0.384806
0.384743
0.384717
0.38466
0.384635
0.384627
0.384632
0.384578
0.384405
0.384404
0.384297
0.384194
0.384317
0.384212
0.384103
0.384075
0.383998
0.38391
0.383833
0.383649
0.383598
0.383283
0.382892
0.38292
0.382847
0.382851
0.382734
0.382694
0.382621
0.382612
0.382601
0.382547
0.382526
0.382412
0.382185
0.382067
0.381889
0.381791
0.381705
0.381698
0.381588
0.381573
0.381484
0.381448
0.381462
0.381413
0.381321
0.381316
0.381254
0.381218
0.381134
0.381142
0.381112
0.381076
0.381071
0.381025
0.380818
0.380733
0.380723
0.380353
0.379808
0.379801
0.379688
0.379587
0.379515
0.379431
0.379105
0.379092
0.37903
0.378859
0.378749
0.378673
0.378584
0.378547
0.378441
0.378368
0.378348
0.378268
0.378255
0.378206
0.378225
0.378199
0.378094
0.378004
0.377953
0.377963
0.377882
0.377931
0.377935
0.377879
0.377823
0.377594
0.377377
0.377271
0.377268
0.377219
0.377164
0.377048
0.377052
0.377013
0.376921
0.37687
0.376758
0.376621
0.376618
0.376563
0.376445
0.376438
0.376291
0.376241
0.376096
0.375786
0.375759
0.37568
0.375553
0.375517
0.375416
0.375362
0.375099
0.374986
0.374842
0.374849
0.374717
0.374597
0.374344
0.37435
0.374295
0.374218
0.374201
0.374185
0.374091
0.374046
0.374027
0.374
0.373973
0.373923
0.373891
0.37387
0.373772
0.373733
0.373657
0.373566
0.373424
0.373375
0.373227
0.373158
0.373104
0.373033
0.373004
0.372976
0.372938
0.372984
0.372934
0.37284
0.372715
0.372688
0.372651
0.372614
0.372567
0.37254
0.37248
0.372454
0.37239
0.372302
0.372243
0.372179
0.371987
0.371923
0.371894
0.371845
0.371809
0.371756
0.371756
0.371767
0.371737
0.371713
0.371653
0.371601
0.371575
0.371484
0.371418
0.371222
0.371215
0.371162
0.371122
0.371005
0.370942
0.370891
0.370837
0.370841
0.370766
0.370699
0.370679
0.370564
0.370489
0.370462
0.370378
0.37036
0.370296
0.370251
0.3702
0.370158
0.3701
0.370054
0.370003
0.369928
0.369876
0.369738
0.369686
0.369679
0.369617
0.36963
0.369542
0.369498
0.369459
0.36944
0.36938
0.369314
0.369324
0.369319
0.369301
0.369215
0.369196
0.36922
0.369122
0.369074
0.369105
0.369051
0.368981
0.36894
0.368917
0.368859
0.368859
0.368867
0.368785
0.368791
0.368779
0.368785
0.368758
0.36875
0.368702
0.368687
0.368719
0.36861
0.368576
0.368536
0.36852
0.36852
0.368482
0.368478
0.368463
0.368393
0.368352
0.368339
0.368319
0.368245
0.368241
0.368279
0.368278
0.368295
0.368261
0.368191
0.368124
0.368037
0.368062
0.368008
0.368017
0.368048
0.368019
0.367927
0.367882
0.367813
0.367774
0.367783
0.367804
0.367787
0.367805
0.367801
0.367803
0.367795
0.367795
0.367593
0.367574
0.367564
0.367527
0.367475
0.367418
0.367404
0.367358
0.367338
0.36731
0.367248
0.367296
0.367242
0.367216
0.367245
0.367257
0.367261
0.367209
0.367157
0.367158
0.367118
0.367097
0.367019
0.367017
0.366989
0.366917
0.366921
0.366903
0.366898
0.366869
0.366832
0.366764
0.36673
0.366683
0.366609
0.366591
0.36657
0.366523
0.366465
0.366464
0.366421
0.366351
0.366313
0.366253
0.366206
0.366164
0.36611
0.36607
0.36604
0.366043
0.366013
0.366028
0.366029
0.36596
0.365953
0.365959
0.365967
0.365947
0.365865
0.365856
0.365812
0.365748
0.36571
0.365718
0.365719
0.36569
0.365717
0.365731
0.365706
0.365677
0.365658
0.365639
0.365646
0.365645
0.365604
0.365613
0.365622
0.365582
0.365595
0.365625
0.365609
0.365608
0.365606
0.365598
0.365614
0.36562
0.365622
0.365603
0.365604
0.365622
0.365554
0.365543
0.365563
0.365576
0.365537
0.365539
0.365541
0.365525
0.365509
0.365512
0.365492
0.365475
0.365445
0.365462
0.365465
0.3654
0.365361
0.365307
0.365291
0.365246
0.365257
0.365261
0.365245
0.365228
0.365222
0.365211
0.365183
0.365206
0.36519
0.36492
0.364827
0.364843
0.364849
0.364814
0.364801
0.364766
0.364751
0.36477
0.364744
0.36471
0.364697
0.364677
0.364699
0.364719
0.364665
0.364682
0.364698
0.364685
0.36466
0.364631
0.364647
0.364606
0.364606
0.364613
0.364611
0.364608
0.364594
0.364621
0.364556
0.364532
0.364452
0.364371
0.364354
0.364364
0.364394
0.364347
