0.81686
0.824742
0.821218
0.817135
0.815358
0.820186
0.824232
0.827586
0.822979
0.821983
0.809743
0.796085
0.785959
0.780944
0.773753
0.768057
0.761804
0.758535
0.754129
0.749888
0.740551
0.732677
0.725872
0.718539
0.709465
0.702846
0.696379
0.691239
0.687061
0.681256
0.672995
0.665673
0.660396
0.654718
0.647946
0.64313
0.638404
0.633299
0.6294
0.625159
0.619457
0.613117
0.607902
0.602904
0.597746
0.592338
0.587679
0.582255
0.578331
0.574307
0.570816
0.566782
0.562316
0.558474
0.555222
0.552156
0.548445
0.545591
0.542233
0.539791
0.535714
0.533107
0.530061
0.526863
0.523536
0.521311
0.518735
0.515562
0.512496
0.509673
0.507273
0.504701
0.502329
0.499919
0.497695
0.49539
0.493576
0.491784
0.490133
0.488133
0.487435
0.485546
0.484433
0.48294
0.48208
0.481281
0.480751
0.480354
0.479577
0.478626
0.478551
0.478231
0.477975
0.477348
0.477171
0.476844
0.476746
0.475929
0.476231
0.475793
0.475344
0.475065
0.475072
0.475049
0.474686
0.474898
0.474954
0.475094
0.474914
0.475185
0.475044
0.474934
0.47498
0.47452
0.474787
0.475091
0.475137
0.475281
0.47518
0.47508
0.475382
0.475471
0.474812
0.474531
0.474949
0.47504
0.474984
0.475338
0.475343
0.474785
0.475004
0.47507
0.475137
0.475146
0.475013
0.475165
0.474971
0.474591
0.474253
0.474145
0.474017
0.474191
0.474163
0.474243
0.474023
0.473917
0.473802
0.474082
0.473789
0.473694
0.473594
0.473582
0.473676
0.473724
0.474046
0.474164
0.474127
0.474734
0.47497
0.47491
0.475129
0.475435
0.475706
0.475789
0.475939
0.47592
0.475583
0.475409
0.475308
0.475511
0.475396
0.475449
0.475567
0.475598
0.474474
0.474385
0.474153
0.474317
0.474545
0.474682
0.474871
0.475418
0.475293
0.475569
0.475409
0.475353
0.475349
0.475461
0.475708
0.475815
0.476187
0.476369
0.476659
0.476968
0.477007
0.476975
0.476966
0.47706
0.476916
0.476811
0.477019
0.477144
0.477339
0.477458
0.477847
0.477833
0.478
0.478057
0.478184
0.4779
0.477937
0.478195
0.478199
0.478181
0.478249
0.478525
0.478593
0.478618
0.478894
0.479013
0.479004
0.479013
0.479255
0.479302
0.479128
0.479048
0.479078
0.479226
0.479302
0.479329
0.479359
0.479548
0.479627
0.479615
0.479813
0.47997
0.480087
0.480214
0.480213
0.480422
0.480626
0.480783
0.480943
0.480913
0.480964
0.48103
0.481221
0.481386
0.481419
0.481571
0.481728
0.48188
0.48192
0.481952
0.481787
0.481955
0.482154
0.482303
0.482613
0.482689
0.482747
0.482961
0.482928
0.48287
0.483038
0.483213
0.483362
0.483357
0.48335
0.483343
0.483417
0.483595
0.483725
0.483712
0.483845
0.483953
0.484187
0.484381
0.484621
0.484661
0.484826
0.4851
0.485275
0.485153
0.48501
0.485162
0.485256
0.48532
0.484651
0.484265
0.484286
0.484267
0.484352
0.484476
0.484365
0.484512
0.484637
0.484709
0.484791
0.484706
0.484624
0.484634
0.48455
0.484563
0.484545
0.48453
0.484525
0.484534
0.484612
0.484608
0.484691
0.484604
0.484673
0.484518
0.484513
0.484394
0.484475
0.484445
0.484497
0.484387
0.484369
0.484238
0.484141
0.484222
0.484188
0.484287
0.484216
0.484327
0.484398
0.48438
0.484391
0.484413
0.484373
0.484383
0.483931
0.483893
0.483694
0.48373
0.483721
0.48371
0.483656
0.483653
0.483588
0.483419
0.483458
0.483393
0.4834
0.483452
0.483494
0.483394
0.483259
0.48308
0.483036
0.483076
0.483143
0.483115
0.482903
0.482842
0.482896
0.482923
0.482806
0.482827
0.482731
0.482674
0.482631
0.48258
0.482493
0.482352
0.482345
0.48221
0.48233
0.482365
0.482385
0.482412
0.482327
0.482058
0.481977
0.482022
0.481906
0.481931
0.481952
0.481786
0.481714
0.481633
0.48153
0.481641
0.481579
0.481758
0.48162
0.481548
0.480519
0.480265
0.480151
0.480252
0.480256
0.48026
0.480434
0.480551
0.480596
0.480674
0.480733
0.480785
0.480824
0.481005
0.481085
0.48109
0.481067
0.481137
0.481134
0.481196
0.481183
0.481234
0.48116
0.481221
0.481249
0.481264
0.481318
0.481359
0.481353
0.481342
0.481312
0.481204
0.481264
0.481229
0.4812
0.4811
0.481052
0.480868
0.480966
0.480904
0.480859
0.48081
0.480878
0.480918
0.480842
0.480794
0.480716
0.480732
0.480731
0.480855
0.480901
0.48079
0.480894
0.480833
0.480632
0.480641
0.480622
0.480244
0.480291
0.480347
0.480428
0.48047
0.480502
0.480596
0.480603
0.480606
0.48064
0.480701
0.480719
0.480779
0.480746
0.480682
0.480791
0.480863
0.48088
0.480893
0.480885
0.48086
0.480841
0.480808
0.480827
0.480788
0.480798
0.480804
0.480869
0.480803
0.480829
0.480812
0.480761
0.480823
0.480981
0.480951
0.480975
0.48103
0.48113
0.481265
0.481195
0.481059
0.481149
0.481163
0.481188
0.481296
0.481241
0.481319
0.481471
0.481565
0.481584
0.481644
0.481664
0.481773
0.481827
0.481809
0.4819
0.481983
0.482027
0.482015
0.481978
0.482059
0.482078
0.482081
0.482121
0.482209
0.482165
0.482243
0.482252
0.482314
0.482253
0.482315
0.482269
0.482348
0.482379
0.482407
0.482349
0.482321
0.481485
0.480543
0.479637
0.478855
0.477952
0.477615
0.477579
0.47756
0.477571
0.477445
0.477425
0.477339
0.477236
0.477133
0.476995
0.477001
0.476942
0.476875
0.476817
0.476739
0.476686
0.476653
0.476745
0.476665
0.476665
0.476669
0.476629
0.476682
0.476651
0.476626
0.476632
0.476648
0.476677
0.476595
0.476677
0.476668
0.47658
0.476439
0.476504
0.476468
0.476327
0.476234
0.47613
0.475963
0.475993
0.475975
0.476008
0.47596
0.47572
0.475671
0.475444
0.475091
0.475054
0.474998
0.474981
0.474804
0.474753
0.474718
0.47475
0.47464
0.474518
0.474489
0.474269
0.473977
0.473997
0.473886
0.473718
0.473602
0.473538
0.473539
0.473402
0.473296
0.473272
0.473209
0.473144
0.473125
0.473112
0.473087
0.472986
0.472891
0.47277
0.472731
0.472685
0.472642
0.47257
0.472442
0.472392
0.472303
0.47194
0.471402
0.471305
0.47124
0.471182
0.471005
0.471022
0.470674
0.470545
0.47035
0.470165
0.47003
0.469893
0.469763
0.469569
0.469467
0.469286
0.469209
0.469191
0.469111
0.46905
0.46891
0.468834
0.468672
0.468649
0.468575
0.468509
0.468394
0.468327
0.468407
0.468284
0.468172
0.467961
0.467596
0.467489
0.46737
0.467295
0.467205
0.467158
0.467101
0.467043
0.46704
0.466888
0.466794
0.466748
0.466651
0.466539
0.466393
0.466374
0.466318
0.466232
0.466175
0.465849
0.465824
0.465739
0.46571
0.4657
0.46549
0.465413
0.465087
0.465017
0.46492
0.464825
0.464799
0.464652
0.464297
0.464186
0.464142
0.464076
0.464024
0.463993
0.464001
0.463917
0.463805
0.46374
0.463716
0.463614
0.463478
0.463461
0.463378
0.463339
0.463305
0.463215
0.463105
0.46309
0.463064
0.463024
0.462963
0.462964
0.462918
0.462887
0.462842
0.462735
0.462702
0.46255
0.462487
0.462458
0.462441
0.462432
0.462422
0.462378
0.462318
0.46232
0.462229
0.462147
0.462182
0.462053
0.461848
0.46178
0.461751
0.461707
0.46177
0.461776
0.461741
0.461646
0.461693
0.461712
0.4617
0.46162
0.461576
0.461543
0.461535
0.461415
0.461355
0.461288
0.461262
0.461207
0.461166
0.461176
0.461117
0.46106
0.460996
0.460962
0.460974
0.460855
0.460865
0.460889
0.460857
0.46079
0.460787
0.460821
0.460847
0.460819
0.460775
0.460799
0.460868
0.460871
0.460842
0.460839
0.460804
0.460787
0.460757
0.460735
0.460743
0.460727
0.460781
0.460775
0.460739
0.460768
0.460815
0.460868
0.460929
0.460859
0.46089
0.460922
0.460892
0.46087
0.460889
0.460839
0.460802
0.46081
0.460849
0.460738
0.460711
0.460749
0.460691
0.460665
0.460722
0.460679
0.460663
0.460724
0.460699
0.460742
0.460721
0.46065
0.460631
0.460589
0.460577
0.460625
0.460674
0.460782
0.460765
0.460728
0.460703
0.460721
0.460758
0.460758
0.460844
0.460881
0.4609
0.460952
0.460922
0.46091
0.460936
0.460945
0.460865
0.460904
0.460917
0.460992
0.461021
0.461021
0.461056
0.461136
0.461226
0.461255
0.461306
0.461324
0.461369
0.461349
0.461402
0.461442
0.461428
0.461262
0.4613
0.46133
0.461347
0.461398
0.461498
0.461568
0.461566
0.461608
0.461651
0.461644
0.461609
0.461661
0.461731
0.461768
0.461808
0.461857
0.461863
0.461877
0.46194
0.461961
0.46201
0.462059
0.462114
0.462138
0.462065
0.462081
0.462091
0.462143
0.462212
0.462173
0.462081
0.462102
0.462178
0.462224
0.462237
0.462313
0.462297
0.462334
0.462333
0.462441
0.462429
0.462459
0.462501
0.46251
0.462527
0.462595
0.462614
0.462659
0.462719
0.462755
0.462841
0.462884
0.462911
0.46296
0.463037
0.463032
0.463093
0.463135
0.463148
0.463225
0.463252
0.463293
0.46333
0.463353
0.463372
0.463414
0.46344
0.463431
0.463481
0.463474
0.463542
0.463595
0.46365
0.463662
0.463681
0.463742
0.463783
0.46385
0.46386
0.463854
0.463874
0.463947
0.463959
0.464022
0.464065
0.464118
0.464162
0.464252
0.464269
0.464324
0.464408
0.464433
0.464415
0.464524
0.464608
0.46464
0.464627
0.464664
0.464713
0.46481
0.464798
0.464757
0.464826
0.464847
0.464772
0.464796
0.464833
0.464885
0.46492
0.464951
0.464959
0.464991
0.465014
0.465001
0.465018
0.465021
0.465041
0.465006
0.46465
0.464635
0.464627
0.464637
0.464669
0.464609
0.464674
0.464648
0.464642
0.46467
0.464694
0.464664
0.464667
0.464726
0.464755
0.464799
0.46484
0.464838
0.464805
0.464817
0.464786
0.464811
0.464848
0.464869
0.464894
0.464902
0.464894
0.464887
0.464923
0.46499
0.465044
0.465024
0.465061
0.465088
0.465114
0.465165
0.465147
