0
0.293878
0.404297
0.440623
0.462745
0.463317
0.458485
0.470287
0.466218
0.474012
0.471165
0.471085
0.472885
0.477345
0.477445
0.478189
0.474262
0.474429
0.475039
0.474344
0.476058
0.46737
0.463445
0.459393
0.455169
0.452049
0.449627
0.448734
0.444912
0.442827
0.439039
0.437312
0.435609
0.433513
0.431737
0.42926
0.428214
0.426357
0.425063
0.424417
0.423095
0.422691
0.420877
0.419681
0.418653
0.41737
0.417533
0.41728
0.415302
0.413686
0.412366
0.412128
0.411153
0.409788
0.408533
0.407361
0.406526
0.405442
0.404267
0.403376
0.402791
0.401992
0.401918
0.401627
0.400836
0.400257
0.399738
0.399416
0.398831
0.399285
0.396866
0.39519
0.39411
0.393393
0.39277
0.392692
0.392091
0.391331
0.391448
0.391038
0.390627
0.390463
0.389769
0.389683
0.389047
0.388597
0.388046
0.387865
0.387538
0.386983
0.386682
0.386006
0.385261
0.384961
0.384632
0.38437
0.383975
0.38302
0.382864
0.382598
0.382221
0.381842
0.381539
0.381537
0.381187
0.380937
0.380755
0.379012
0.3785
0.378345
0.377763
0.377172
0.376864
0.37644
0.376332
0.37619
0.375795
0.375422
0.375037
0.3747
0.374303
0.373393
0.373213
0.372848
0.373072
0.373014
0.37229
0.371726
0.371023
0.370702
0.370412
0.369877
0.36953
0.368819
0.368934
0.368526
0.367343
0.366797
0.366695
0.366108
0.365632
0.365028
0.364803
0.364275
0.364
0.364005
0.364069
0.364151
0.363833
0.363542
0.36355
0.363494
0.363029
0.362623
0.362272
0.362012
0.361913
0.361755
0.361539
0.36117
0.360899
0.360722
0.360398
0.360137
0.359942
0.35964
0.358935
0.358144
0.357929
0.357611
0.357318
0.357134
0.356842
0.356806
0.356765
0.356729
0.35646
0.356457
0.356261
0.35634
0.35636
0.35644
0.356212
0.355813
0.355824
0.355812
0.355606
0.355526
0.355377
0.355145
0.355069
0.354834
0.354625
0.354532
0.354315
0.354328
0.353928
0.353797
0.353362
0.35328
0.35305
0.353035
0.353147
0.353016
0.352965
0.352833
0.352975
0.352701
0.352532
0.352785
0.352754
0.351973
0.351379
0.351212
0.351249
0.351153
0.351014
0.350802
0.350676
0.350649
0.350468
0.350248
0.350063
0.350244
0.350039
0.349908
0.349619
0.349275
0.349327
0.349332
0.349294
0.349333
0.34902
0.349153
0.349003
0.349156
0.348957
0.348819
0.348865
0.348812
0.348478
0.348552
0.348451
0.348143
0.348208
0.348249
0.348408
0.348351
0.348396
0.348395
0.348473
0.348501
0.348347
0.348072
0.347998
0.348088
0.348169
0.348138
0.348314
0.347741
0.347829
0.347675
0.347611
0.347645
0.347659
0.347684
0.347573
0.347441
0.3475
0.34738
0.347113
0.346693
0.345673
0.345689
0.345548
0.345651
0.345531
0.345473
0.345392
0.345421
0.345328
0.345324
0.345166
0.34472
0.344704
0.344671
0.344779
0.344865
0.344913
0.344896
0.344681
0.344782
0.344663
0.344684
0.344562
0.344398
0.344244
0.344317
0.344237
0.344393
0.344191
0.3441
0.344048
0.343965
0.343915
0.344035
0.344005
0.34385
0.343857
0.343804
0.34359
0.343599
0.343535
0.34347
0.343375
0.34331
0.343193
0.343203
0.343124
0.343172
0.343265
0.343354
0.343367
0.343294
0.343369
0.34345
0.343508
0.343591
0.343608
0.343695
0.34372
0.343777
0.344033
0.344045
0.344129
0.344193
0.3442
0.344027
0.343898
0.343944
0.343874
0.3439
0.343902
0.343983
0.344054
0.34396
0.343977
0.344001
0.344089
0.344016
0.343885
0.343835
0.343887
0.343917
0.343847
0.343906
0.344031
0.344053
0.344178
0.344174
0.344201
0.344287
0.344408
0.344392
0.344267
0.344189
0.344137
0.344144
0.34421
0.344148
0.344304
0.344395
0.344402
0.344509
0.34455
0.344654
0.344633
0.344746
0.344692
0.344766
0.344707
0.344756
0.344837
0.344762
0.344707
0.344748
0.344762
0.344722
0.344811
0.344876
0.344782
0.34485
0.344918
0.34479
0.344793
0.344839
0.344829
0.344811
0.344941
0.344985
0.34497
0.344863
0.344965
0.344987
0.344932
0.345026
0.345237
0.345312
0.345296
0.345101
0.344277
0.34433
0.3443
0.34436
0.344317
0.343874
0.343943
0.343921
0.343891
0.343962
0.343882
0.343687
0.343671
0.343659
0.343746
0.343767
0.343743
0.343729
0.343252
0.343079
0.343144
0.343117
0.342893
0.342953
0.342978
0.342987
0.342909
0.342775
0.34239
0.342332
0.342363
0.342344
0.342242
0.342296
0.342186
0.342069
0.342049
0.342012
0.341888
0.341927
0.341897
0.341823
0.341884
0.341806
0.341779
0.341728
0.341663
0.34169
0.341615
0.341537
0.341422
0.341454
0.341393
0.341411
0.341473
0.341443
0.341346
0.341366
0.341351
0.341283
0.341258
0.341214
0.341179
0.34113
0.341068
0.341062
0.341119
0.341041
0.340998
0.341004
0.340971
0.340936
0.340919
0.340772
0.340773
0.340781
0.340597
0.340574
0.340614
0.340569
0.340544
0.340529
0.340503
0.340324
0.340317
0.340339
0.340324
0.340276
0.340162
0.340216
0.34024
0.340207
0.340155
0.340064
0.340043
0.339965
0.339927
0.339871
0.339847
0.339866
0.339829
0.339197
0.338595
0.338409
0.338426
0.338332
0.338268
0.338241
0.337862
0.337891
0.337796
0.337758
0.33771
0.337548
0.337682
0.337725
0.33773
0.337767
0.337697
0.337638
0.337581
0.337567
0.337535
0.337531
0.337557
0.337444
0.337324
0.337348
0.337099
0.337035
0.337032
0.337053
0.337001
0.337003
0.337038
0.337122
0.337133
0.337071
0.337046
0.337076
0.337132
0.337148
0.337147
0.337106
0.33716
0.337187
0.337115
0.337063
0.337058
0.336991
0.336751
0.336762
0.336684
0.336717
0.336714
0.336678
0.336545
0.336482
0.336452
0.336433
0.336363
0.336309
0.33628
0.336204
0.336258
0.336244
0.336146
0.335805
0.335746
0.335665
0.335682
0.335646
0.335625
0.335607
0.335538
0.335508
0.335513
0.335489
0.335459
0.335465
0.335458
0.335512
0.335483
0.335451
0.335404
0.335402
0.335449
0.335482
0.335523
0.335299
0.335305
0.335213
0.335039
0.335007
0.33502
0.33498
0.334974
0.33495
0.334974
0.334942
0.334936
0.33493
0.334897
0.334854
0.334819
0.334784
0.334843
0.334821
0.334793
0.334788
0.334819
0.334796
0.334822
0.334752
0.33481
0.334895
0.334949
0.334976
0.334901
0.334894
0.334898
0.334922
0.334956
0.335058
0.335056
0.335085
0.335084
0.335046
0.335049
0.335028
0.334964
0.334935
0.334952
0.335013
0.335075
0.335022
0.334983
0.334946
0.334973
0.334943
0.334945
0.33499
0.334984
0.334942
0.334969
0.334929
0.334834
0.334918
0.334874
0.334923
0.334865
0.334842
0.33481
0.334869
0.334864
0.334796
0.334779
0.334768
0.334749
0.33474
0.33474
0.334278
0.334148
0.334127
0.334083
0.334088
0.334017
0.334015
0.333998
0.333982
0.334006
0.334098
0.334081
0.334077
0.334057
0.334169
0.334174
0.334103
0.334004
0.33396
0.333948
0.333957
0.333943
0.333898
0.333921
0.333898
0.333828
0.333889
0.333874
0.333836
0.333789
0.333836
0.333869
0.333795
0.333756
0.333764
0.333758
0.333785
0.333813
0.333783
0.333783
0.333762
0.333753
0.333674
0.333724
0.333711
0.333672
0.333661
0.333658
0.333601
0.333555
0.333549
0.333619
0.33358
0.333639
0.333613
0.333562
0.333535
0.333553
0.333301
0.333227
0.333204
0.333172
0.333134
0.333002
0.332985
0.332985
0.33299
0.332993
0.332972
0.333005
0.332964
0.33294
0.332939
0.332952
0.332942
0.332961
0.332924
0.332922
0.332953
0.332969
0.332937
0.332955
0.332969
0.33295
0.332961
0.332968
0.333041
0.333088
0.333069
0.333052
0.33307
0.333128
0.33321
0.332876
0.332684
0.332696
0.332749
0.332706
0.332745
0.332749
0.332763
0.332728
0.332719
0.332724
0.332768
0.332768
0.332793
0.332825
0.33289
0.33283
0.332834
0.332816
0.332853
0.332842
0.332892
0.332908
0.332925
0.332877
0.332879
0.332892
0.332881
0.332848
0.332872
0.332916
0.332916
0.332933
0.332922
0.332911
0.332985
0.333013
0.333021
0.333018
0.333071
0.333001
0.333004
0.332976
0.332989
0.333
0.332965
0.332975
0.332977
0.333028
0.333024
0.333045
0.333042
0.333039
0.333006
0.33302
0.333047
0.333061
0.333037
0.332994
0.332887
0.332914
0.332908
0.332933
0.332947
0.332918
0.332921
0.332944
0.33296
0.332974
0.332974
0.332957
0.33294
0.332938
0.332958
0.332949
0.33301
0.33298
0.332922
0.332913
0.33296
0.332992
0.332977
0.332953
0.332928
0.332775
0.332808
0.332788
0.332758
0.332771
0.332788
0.332858
0.332872
0.332875
0.332946
0.332988
0.333022
0.333045
0.333059
0.333052
0.333072
0.333106
0.333126
0.333157
0.333176
0.333132
0.333142
0.333181
0.333177
0.333182
0.333238
0.333247
0.33324
0.333311
0.333316
0.333271
0.333244
0.333202
0.333198
0.333182
0.33317
0.333228
0.333275
0.333271
0.333301
0.333309
0.333324
0.333318
0.33332
0.333327
0.333371
0.333367
0.333414
0.333347
0.333406
0.333434
0.333486
0.333495
0.333508
0.333493
0.33351
0.333469
0.333512
0.333524
0.333553
0.333558
0.333542
0.333579
0.333599
0.333611
0.333627
0.333613
0.333604
0.333629
0.333643
0.333671
0.333692
0.333738
0.333739
0.333749
0.333769
0.333743
0.333804
0.333824
0.333845
0.333868
0.333877
0.333865
0.333867
0.333877
0.333876
0.333916
0.33389
0.333876
0.333889
0.333909
0.333927
0.333944
0.333936
0.333937
0.333997
0.334022
0.334076
0.334079
0.334096
0.334063
0.334069
0.334036
0.334074
0.334111
0.334173
0.334176
0.334193
0.334239
0.334225
0.334241
0.334179
0.334153
0.334146
0.334144
0.334128
0.334155
0.33416
0.334181
0.334223
0.334251
0.334228
0.334288
0.334275
0.334313
0.334313
0.334338
0.334364
0.334347
0.334322
0.33429
0.334319
0.334297
0.334311
0.334325
0.334353
0.334317
0.334307
0.334354
0.334357
0.334378
0.334411
0.334461
0.334504
0.334499
0.334554
0.334627
0.334619
0.334629
0.334609
0.334585
0.334624
0.334635
