0
0.545098
0.57377
0.575051
0.57551
0.573435
0.579778
0.582831
0.579845
0.575589
0.574111
0.573942
0.573719
0.572382
0.572696
0.572204
0.571265
0.573892
0.572982
0.574188
0.573166
0.563752
0.559167
0.555937
0.549611
0.545993
0.542671
0.539251
0.53575
0.533955
0.53195
0.529486
0.527597
0.525807
0.524416
0.521494
0.518649
0.519335
0.517552
0.515419
0.514587
0.513873
0.513258
0.511642
0.510012
0.508854
0.507951
0.507747
0.505417
0.5049
0.503477
0.502741
0.502005
0.500753
0.499643
0.49837
0.497828
0.498032
0.496817
0.496108
0.495729
0.495061
0.49518
0.494254
0.493678
0.49309
0.492674
0.491665
0.491411
0.491811
0.489001
0.486904
0.486302
0.486044
0.485791
0.48522
0.483824
0.482761
0.482212
0.482031
0.481416
0.48086
0.480636
0.480472
0.480237
0.479933
0.47913
0.478417
0.47784
0.477448
0.477006
0.477089
0.476419
0.475726
0.475189
0.474431
0.473893
0.473214
0.472925
0.472547
0.472559
0.472237
0.471728
0.471675
0.471544
0.471155
0.471176
0.469415
0.469272
0.468768
0.468315
0.46814
0.468171
0.468317
0.467979
0.467236
0.466889
0.46664
0.466494
0.466508
0.466373
0.465483
0.46529
0.465073
0.46478
0.464823
0.463911
0.463503
0.462957
0.462529
0.462182
0.461651
0.461768
0.460677
0.460217
0.459862
0.458254
0.45768
0.457548
0.457161
0.45636
0.456006
0.45562
0.45526
0.454921
0.454755
0.454677
0.454544
0.454069
0.454019
0.453727
0.45341
0.452881
0.453214
0.452918
0.452424
0.452502
0.452334
0.45198
0.4517
0.451574
0.451423
0.451318
0.451033
0.450561
0.449937
0.449049
0.447881
0.447895
0.44759
0.447222
0.446852
0.44649
0.446347
0.446202
0.446146
0.445678
0.445502
0.445254
0.445155
0.44476
0.444547
0.444307
0.443921
0.44362
0.443638
0.443534
0.443445
0.443146
0.443137
0.442798
0.442554
0.442536
0.442474
0.442328
0.441937
0.441675
0.441462
0.441301
0.441137
0.441137
0.440995
0.440934
0.440878
0.440918
0.44087
0.440743
0.440701
0.440698
0.440778
0.440808
0.440058
0.439598
0.439292
0.439271
0.439121
0.439081
0.439074
0.43926
0.439002
0.438975
0.438986
0.438946
0.438932
0.438924
0.438684
0.438821
0.438519
0.43856
0.438533
0.438675
0.438491
0.438326
0.438233
0.438244
0.438107
0.438209
0.438209
0.438181
0.438178
0.438047
0.438098
0.438187
0.438093
0.437995
0.437863
0.437985
0.437979
0.438052
0.438
0.437874
0.437757
0.437653
0.437274
0.437313
0.437283
0.437334
0.437239
0.43709
0.436607
0.436594
0.436603
0.436605
0.436466
0.436493
0.436296
0.436108
0.436036
0.436276
0.435948
0.435586
0.434723
0.433849
0.433762
0.433816
0.433886
0.433749
0.433601
0.433461
0.433252
0.43346
0.433519
0.433523
0.433059
0.433058
0.433081
0.432927
0.433025
0.432929
0.432873
0.432701
0.432656
0.43243
0.432201
0.432112
0.431954
0.431959
0.43207
0.43221
0.432045
0.431823
0.431783
0.431771
0.431772
0.431734
0.431701
0.431674
0.431692
0.431763
0.431893
0.431905
0.431818
0.431774
0.431958
0.431824
0.431896
0.431713
0.431753
0.431523
0.431542
0.431499
0.431419
0.431471
0.431535
0.431471
0.431516
0.431515
0.431625
0.431635
0.431634
0.431728
0.431696
0.431527
0.431621
0.431626
0.431414
0.431326
0.431201
0.431251
0.431231
0.431161
0.431124
0.431146
0.431129
0.431188
0.430981
0.431014
0.430994
0.431085
0.430975
0.430945
0.430938
0.430912
0.430985
0.431012
0.431014
0.430896
0.43085
0.430804
0.430841
0.43083
0.430925
0.430958
0.431041
0.430882
0.431026
0.430997
0.430937
0.431062
0.431122
0.43121
0.431071
0.431024
0.430975
0.430913
0.431067
0.430987
0.431018
0.43107
0.431083
0.431099
0.431133
0.431211
0.430992
0.431057
0.431163
0.431253
0.431262
0.431356
0.431421
0.431513
0.43154
0.431535
0.43156
0.431576
0.431695
0.431961
0.4319
0.431972
0.431879
0.431809
0.431597
0.431496
0.431475
0.431467
0.431361
0.431403
0.431447
0.431513
0.431282
0.430353
0.430352
0.430337
0.430462
0.430344
0.429876
0.429852
0.429896
0.429915
0.429923
0.429848
0.429659
0.429683
0.429618
0.429622
0.429612
0.429582
0.429573
0.429064
0.428978
0.428976
0.428973
0.428734
0.42865
0.428581
0.428543
0.428603
0.428501
0.428261
0.428302
0.428192
0.428232
0.428134
0.428127
0.428099
0.428023
0.428019
0.427973
0.427777
0.4277
0.427642
0.427668
0.427583
0.427546
0.427554
0.427621
0.42746
0.427343
0.427389
0.427347
0.427308
0.427249
0.427134
0.42706
0.427124
0.426919
0.426904
0.426881
0.426872
0.426876
0.426769
0.426829
0.42665
0.426647
0.426623
0.42662
0.426662
0.42666
0.42665
0.426649
0.426684
0.426657
0.426647
0.426647
0.426661
0.426653
0.426431
0.426468
0.426424
0.426368
0.426472
0.426481
0.42649
0.42627
0.426229
0.426172
0.426096
0.426056
0.426043
0.425994
0.426
0.425932
0.425965
0.42601
0.426008
0.425971
0.425991
0.426036
0.42607
0.426084
0.426043
0.425285
0.424434
0.424172
0.424223
0.424199
0.424281
0.424262
0.423857
0.423799
0.423697
0.423665
0.423665
0.423513
0.423578
0.423574
0.423487
0.423539
0.423521
0.423519
0.42349
0.423511
0.423552
0.423532
0.423626
0.423537
0.4235
0.423406
0.423205
0.423128
0.42309
0.423098
0.42302
0.422995
0.422891
0.422827
0.42272
0.422673
0.422638
0.422603
0.42264
0.422572
0.422548
0.422572
0.422616
0.422578
0.422519
0.42242
0.422437
0.422401
0.422269
0.422233
0.422226
0.42217
0.422212
0.422202
0.42209
0.422006
0.421992
0.421948
0.421936
0.421957
0.422028
0.422016
0.421991
0.422005
0.421966
0.421654
0.421588
0.421589
0.421526
0.421545
0.421555
0.42155
0.421492
0.421387
0.421313
0.421262
0.421212
0.421192
0.421215
0.421189
0.421102
0.421071
0.421074
0.421036
0.421018
0.420995
0.420994
0.420763
0.420697
0.420638
0.420443
0.420349
0.420304
0.420218
0.420218
0.420135
0.420099
0.420056
0.419962
0.419978
0.419888
0.41988
0.419787
0.419834
0.419824
0.419848
0.419844
0.419819
0.419812
0.4199
0.419929
0.419881
0.419842
0.41986
0.41985
0.419854
0.4199
0.419924
0.419883
0.419939
0.419911
0.41986
0.419815
0.419752
0.419714
0.419736
0.419687
0.419719
0.419751
0.419761
0.41975
0.419787
0.41977
0.419704
0.419691
0.419621
0.419628
0.419539
0.419513
0.419532
0.419512
0.41953
0.419544
0.419506
0.419551
0.419536
0.419577
0.419592
0.41953
0.419485
0.419535
0.419549
0.419538
0.41955
0.419597
0.419573
0.419579
0.419524
0.419564
0.419018
0.418951
0.418904
0.418899
0.418946
0.418899
0.418948
0.419029
0.419017
0.418963
0.418989
0.418914
0.418886
0.418946
0.418955
0.418946
0.418882
0.418839
0.418831
0.41889
0.418883
0.418854
0.418841
0.418863
0.418849
0.41886
0.418861
0.418834
0.418845
0.418865
0.418848
0.41889
0.418907
0.418908
0.418896
0.418898
0.418915
0.418932
0.41883
0.418765
0.418753
0.418815
0.418782
0.418763
0.418693
0.418674
0.418684
0.418686
0.418669
0.418678
0.418589
0.418584
0.418569
0.418526
0.418538
0.418538
0.418571
0.418605
0.418331
0.418306
0.418281
0.418275
0.418284
0.41813
0.41811
0.418179
0.418176
0.418235
0.418232
0.418196
0.418185
0.418192
0.418184
0.418136
0.418083
0.41805
0.418001
0.417963
0.417871
0.417901
0.417947
0.417963
0.417985
0.418058
0.418016
0.417992
0.417951
0.417942
0.417917
0.417928
0.417894
0.417894
0.417859
0.417633
0.417372
0.41735
0.417364
0.417381
0.417384
0.417415
0.417342
0.417265
0.417273
0.417258
0.417264
0.417288
0.41733
0.417307
0.417298
0.417213
0.417201
0.417185
0.417205
0.417192
0.417217
0.41723
0.417254
0.417224
0.417117
0.417216
0.417227
0.417178
0.417172
0.417199
0.417183
0.417179
0.417152
0.417128
0.417199
0.417232
0.417226
0.417231
0.417274
0.417251
0.417194
0.417123
0.41711
0.417142
0.417112
0.41712
0.417089
0.41708
0.417047
0.417075
0.41704
0.417032
0.41704
0.417071
0.417026
0.416983
0.417021
0.417017
0.416954
0.417005
0.417004
0.416935
0.416874
0.416848
0.416803
0.416811
0.416778
0.416829
0.416805
0.41679
0.41679
0.4168
0.416753
0.416737
0.416727
0.41677
0.416743
0.416716
0.416771
0.416711
0.416719
0.416733
0.416744
0.416641
0.416609
0.416607
0.416655
0.41668
0.41667
0.416685
0.416683
0.416661
0.416694
0.416697
0.416734
0.416728
0.416742
0.416767
0.416738
0.416773
0.416774
0.416759
0.416746
0.416808
0.416828
0.416837
0.416881
0.416871
0.416885
0.416952
0.416921
0.416982
0.416969
0.416942
0.416931
0.416985
0.417024
0.416991
0.417034
0.417063
0.417038
0.417084
0.41711
0.417092
0.417088
0.417087
0.417109
0.417092
0.417164
0.417149
0.417182
0.417168
0.417151
0.417157
0.417171
0.41717
0.417228
0.417221
0.417248
0.417257
0.417275
0.417253
0.417247
0.417248
0.417233
0.417231
0.417236
0.417268
0.417338
0.417294
0.417293
0.4173
0.417275
0.417338
0.417251
0.41725
0.417279
0.417286
0.417307
0.417336
0.417287
0.417274
0.417302
0.417295
0.417332
0.417355
0.417348
0.417377
0.417367
0.417364
0.417339
0.417356
0.417315
0.417373
0.417415
0.417479
0.417445
0.417448
0.417437
0.417405
0.417379
0.417389
0.417401
0.417431
0.417465
0.417421
0.417435
0.417435
0.417411
0.417452
0.417506
0.417529
0.41751
0.417545
0.417585
0.417553
0.417553
0.417542
0.417544
0.417607
0.417626
0.417612
0.417613
0.417634
0.417638
0.417621
0.417656
0.417707
0.41774
0.417737
0.417728
0.417753
0.417749
0.417747
0.417785
0.417809
0.417784
0.417772
0.417809
0.417818
0.417819
0.41791
0.417936
0.417946
0.417933
0.417923
0.417955
0.417934
0.417969
0.417944
0.417936
0.417961
0.417948
0.417993
0.418045
0.418064
