0.810241
0.811178
0.826002
0.829123
0.825959
0.827723
0.834615
0.832842
0.829188
0.829125
0.808721
0.797437
0.786251
0.774841
0.769596
0.763289
0.758123
0.7518
0.748416
0.745055
0.735873
0.7277
0.718489
0.710647
0.704862
0.699429
0.692882
0.687341
0.68234
0.678579
0.672166
0.665861
0.658378
0.653463
0.647459
0.641889
0.636429
0.631447
0.627157
0.623492
0.617504
0.611789
0.605859
0.602087
0.598008
0.593283
0.588634
0.584559
0.580161
0.576365
0.571745
0.566869
0.562745
0.558399
0.554709
0.551116
0.547163
0.543975
0.540994
0.537005
0.532782
0.529254
0.526266
0.523137
0.520711
0.517983
0.513976
0.510908
0.50857
0.505973
0.504386
0.501772
0.499776
0.498236
0.496791
0.49404
0.492693
0.490615
0.488798
0.487102
0.485516
0.484381
0.483422
0.482687
0.481217
0.479852
0.479346
0.478201
0.476966
0.47611
0.475974
0.475147
0.475566
0.47488
0.474969
0.475006
0.473065
0.473314
0.473334
0.473104
0.473362
0.473398
0.472946
0.473101
0.472701
0.472175
0.472002
0.472254
0.47236
0.471876
0.470965
0.470867
0.471164
0.470976
0.471081
0.470123
0.469975
0.470101
0.470321
0.470594
0.470479
0.470344
0.469294
0.469546
0.469467
0.468278
0.468424
0.468222
0.468085
0.467361
0.467448
0.467148
0.466929
0.466673
0.466656
0.466318
0.466412
0.465823
0.465344
0.46519
0.465431
0.465121
0.465377
0.465282
0.465198
0.465042
0.465131
0.464841
0.463986
0.463992
0.463916
0.463577
0.463261
0.463398
0.462868
0.461838
0.461002
0.4611
0.461252
0.461165
0.46117
0.461337
0.461339
0.46136
0.461502
0.461522
0.461747
0.461707
0.461549
0.461514
0.461726
0.461754
0.461795
0.461807
0.462068
0.462084
0.46253
0.46247
0.462438
0.462311
0.462583
0.462529
0.462873
0.463076
0.463149
0.463227
0.463502
0.463544
0.463661
0.463818
0.46367
0.463416
0.463648
0.463631
0.463702
0.463744
0.463535
0.463614
0.46372
0.463643
0.462499
0.462137
0.461957
0.46209
0.462087
0.462052
0.462094
0.46207
0.46227
0.462328
0.462286
0.462302
0.462443
0.462573
0.462504
0.462457
0.462228
0.462055
0.462272
0.462384
0.462437
0.462281
0.462025
0.46204
0.462289
0.462515
0.462505
0.462257
0.462269
0.462463
0.462449
0.46267
0.46274
0.462887
0.462945
0.46301
0.463253
0.463341
0.463426
0.463526
0.463792
0.463957
0.463521
0.463715
0.463744
0.463788
0.463874
0.464047
0.463323
0.463184
0.463386
0.463627
0.463791
0.463926
0.464086
0.464037
0.464207
0.464313
0.464132
0.46406
0.463182
0.461752
0.461916
0.462105
0.462201
0.462122
0.462138
0.462433
0.462481
0.462518
0.46257
0.462549
0.461981
0.462108
0.46216
0.462404
0.462557
0.462411
0.462316
0.462416
0.462492
0.462428
0.462337
0.462171
0.462182
0.462405
0.462543
0.462514
0.462569
0.462589
0.462449
0.462491
0.462602
0.462558
0.462555
0.462623
0.462729
0.462844
0.462796
0.462894
0.462985
0.463155
0.463244
0.46332
0.463233
0.463185
0.463348
0.463456
0.463554
0.463704
0.463885
0.463937
0.463939
0.463914
0.463929
0.463885
0.463926
0.463916
0.463972
0.463991
0.463971
0.463884
0.464025
0.464027
0.463932
0.463882
0.463986
0.46385
0.463935
0.463996
0.463922
0.464017
0.464157
0.464021
0.464054
0.464007
0.464038
0.464014
0.46398
0.463889
0.463866
0.463791
0.463892
0.463925
0.463862
0.463964
0.463879
0.463913
0.463857
0.463697
0.463727
0.463833
0.464038
0.464139
0.464142
0.464068
0.464078
0.464058
0.463964
0.463905
0.464026
0.463921
0.46398
0.463766
0.463866
0.463722
0.463649
0.463568
0.463608
0.463808
0.463894
0.463961
0.463862
0.463788
0.463875
0.463824
0.463727
0.463796
0.463736
0.463808
0.463866
0.463977
0.463961
0.463953
0.464018
0.463908
0.463977
0.463961
0.46396
0.464052
0.463759
0.463861
0.463858
0.463841
0.463818
0.463778
0.463874
0.464114
0.463958
0.462898
0.462841
0.462747
0.462627
0.462429
0.461747
0.461638
0.461651
0.46163
0.461549
0.46145
0.46111
0.461012
0.460967
0.460792
0.460662
0.460369
0.46014
0.459537
0.459286
0.459116
0.459037
0.458778
0.458735
0.458613
0.458505
0.458295
0.458084
0.457716
0.457529
0.457427
0.457267
0.457171
0.456968
0.456845
0.456793
0.456778
0.456664
0.456537
0.45639
0.45621
0.456109
0.455989
0.455923
0.455895
0.455778
0.45558
0.45541
0.455388
0.455258
0.455154
0.455062
0.454941
0.454855
0.454745
0.454551
0.45449
0.454473
0.454378
0.454209
0.454149
0.454034
0.453819
0.453658
0.453556
0.45351
0.453575
0.453532
0.453538
0.453402
0.453251
0.453148
0.452977
0.452866
0.452799
0.452754
0.452547
0.452547
0.452438
0.452339
0.452258
0.452148
0.45196
0.451753
0.45158
0.451584
0.451413
0.451278
0.451195
0.451117
0.451054
0.450952
0.45079
0.45071
0.450587
0.450489
0.450453
0.450329
0.450256
0.450131
0.45007
0.449236
0.448405
0.448211
0.44835
0.448377
0.448427
0.448524
0.448117
0.448318
0.448311
0.448405
0.44838
0.448367
0.448549
0.448692
0.448786
0.44877
0.448778
0.448806
0.448855
0.448927
0.448968
0.449079
0.449147
0.449038
0.449002
0.449043
0.448883
0.448862
0.448844
0.448917
0.448865
0.448909
0.448948
0.448974
0.449033
0.449118
0.449238
0.449376
0.449439
0.449524
0.449611
0.449756
0.449884
0.449956
0.450074
0.450072
0.450207
0.450268
0.450087
0.450147
0.450205
0.45024
0.450261
0.450238
0.450123
0.45004
0.450089
0.450123
0.450125
0.450109
0.450206
0.45023
0.450285
0.450346
0.450347
0.449881
0.449953
0.449851
0.449822
0.449866
0.449863
0.449898
0.449962
0.449925
0.449955
0.449917
0.449933
0.44994
0.450021
0.450036
0.450042
0.450098
0.450049
0.450057
0.45004
0.450039
0.450057
0.449748
0.449856
0.449856
0.449628
0.449519
0.449475
0.449411
0.449462
0.449479
0.449518
0.449604
0.449695
0.449707
0.449801
0.449922
0.450061
0.450179
0.450228
0.450284
0.450269
0.450312
0.45027
0.450302
0.45037
0.450373
0.450457
0.450558
0.450618
0.450677
0.450723
0.450819
0.45092
0.450962
0.451018
0.451042
0.451052
0.451212
0.451319
0.451317
0.451376
0.451464
0.451552
0.451524
0.451551
0.451628
0.451726
0.451717
0.451791
0.451879
0.451944
0.451851
0.451902
0.451926
0.451933
0.451987
0.451936
0.451891
0.451946
0.452046
0.452103
0.452144
0.452133
0.452218
0.452222
0.4523
0.45233
0.452408
0.452514
0.45252
0.452652
0.452738
0.452869
0.452233
0.452131
0.452155
0.452271
0.452319
0.452359
0.452389
0.45246
0.452575
0.452691
0.452727
0.452635
0.452682
0.452761
0.452883
0.45304
0.453104
0.453137
0.45323
0.453336
0.453363
0.453426
0.45343
0.453551
0.453613
0.453665
0.453741
0.453895
0.453915
0.453948
0.45405
0.454107
0.454194
0.454228
0.454296
0.454343
0.45443
0.454411
0.454408
0.454457
0.454581
0.454601
0.454631
0.454646
0.454684
0.454713
0.454664
0.454569
0.45466
0.454632
0.454543
0.454586
0.454658
0.454726
0.454804
0.454819
0.454874
0.454887
0.454618
0.454623
0.45466
0.454613
0.454619
0.454425
0.454353
0.454433
0.454519
0.454517
0.454458
0.454484
0.45448
0.454586
0.45462
0.454757
0.45485
0.454954
0.455046
0.455034
0.455128
0.455205
0.455276
0.455378
0.4554
0.455508
0.455559
0.455687
0.455693
0.455779
0.455852
0.455929
0.455991
0.456027
0.456023
0.45568
0.45544
0.455469
0.455531
0.455537
0.455514
0.455573
0.455676
0.455698
0.45583
0.455843
0.455909
0.455969
0.456019
0.456075
0.456047
0.456023
0.456034
0.456055
0.456085
0.456128
0.456161
0.456194
0.456172
0.456157
0.456104
0.456123
0.456095
0.456045
0.456057
0.456068
0.456117
0.456141
0.456168
0.456179
0.456157
0.456114
0.456158
0.456151
0.456168
0.456166
0.456103
0.45611
0.456139
0.456233
0.456211
0.456238
0.456163
0.456195
0.456263
0.456269
0.456308
0.456286
0.45628
0.456359
0.456366
0.4564
0.456447
0.456492
0.456384
0.456523
0.456551
0.456597
0.45661
0.456536
0.456624
0.456707
0.456798
0.456809
0.456871
0.456886
0.456879
0.456949
0.457006
0.457064
0.457068
0.457137
0.457235
0.45729
0.457367
0.457423
0.457462
0.457476
0.457493
0.457293
0.457317
0.457265
0.457297
0.457423
0.457379
0.457393
0.457389
0.457396
0.457419
0.457477
0.45754
0.457598
0.457588
0.457645
0.457737
0.457756
0.457777
0.457844
0.4578
0.457874
0.457953
0.458085
0.458136
0.458198
0.458191
0.458212
0.458261
0.45833
0.4584
0.458473
0.458544
0.458561
0.458634
0.458665
0.458723
0.458795
0.458871
0.458902
0.45893
0.458828
0.458859
0.458851
0.458831
0.458861
0.458923
0.458927
0.458971
0.459037
0.459046
0.45905
0.459089
0.459087
0.459151
0.459188
0.459242
0.459303
0.459387
0.459447
0.459528
0.459581
0.459655
0.459735
0.459725
0.45974
0.459796
0.459836
0.459864
0.459831
0.459943
0.459972
0.459989
0.460071
0.460137
0.460235
0.460329
0.460352
0.460338
0.460408
0.460454
0.460487
0.46054
0.460636
0.460707
0.460727
0.460781
0.460813
0.460844
0.460901
0.460955
0.460992
0.461007
0.461021
0.461023
0.461115
0.46113
0.461162
0.461252
0.461259
0.461287
0.461354
0.46149
0.461463
0.461571
0.461577
0.461656
0.461722
0.461767
0.461792
0.461831
0.46189
0.461951
0.461968
0.461971
0.461973
0.462005
0.462007
0.461998
0.462038
0.462095
0.46212
0.462131
0.46209
0.462139
0.462174
0.462189
0.462219
0.46222
0.462197
0.462245
0.462293
0.462366
0.462413
0.462414
0.462423
0.462439
0.462468
0.46245
0.462513
0.462525
0.462552
0.462515
0.462499
0.462473
0.462494
0.462506
0.46253
0.462541
0.462539
0.462531
0.462556
0.462561
0.462617
